0 1 1
0 2 1
0 3 1
0 4 1
0 5 1
0 6 1
0 7 1
8 9 1
8 6 1
10 11 1
12 0 1
12 13 1
12 14 1
12 15 1
12 16 1
12 7 1
17 18 1
19 20 1
19 21 1
22 23 1
22 24 1
22 25 1
22 26 1
22 27 1
28 29 1
28 30 1
28 31 1
28 32 1
28 25 1
23 33 1
23 34 1
35 36 1
35 37 1
38 1 1
38 33 1
38 39 1
38 40 1
38 41 1
38 42 1
38 43 1
38 2 1
38 6 1
38 44 1
38 7 1
45 23 1
45 1 1
45 46 1
45 47 1
45 48 1
45 40 1
45 42 1
45 2 1
46 38 1
46 18 1
46 49 1
46 42 1
46 26 1
46 4 1
29 35 1
29 50 1
51 0 1
51 24 1
51 52 1
33 40 1
33 9 1
47 8 1
47 53 1
47 1 1
47 51 1
47 33 1
47 39 1
47 40 1
47 41 1
47 54 1
47 34 1
47 2 1
47 26 1
47 55 1
47 56 1
47 9 1
47 5 1
47 57 1
58 29 1
58 59 1
60 61 1
60 62 1
60 63 1
64 37 1
65 66 1
65 30 1
65 67 1
65 52 1
65 15 1
39 23 1
39 46 1
39 47 1
39 48 1
39 56 1
68 22 1
68 13 1
68 47 1
68 39 1
68 7 1
66 69 1
66 55 1
66 70 1
66 57 1
18 23 1
18 38 1
18 24 1
18 71 1
18 72 1
18 25 1
18 26 1
18 9 1
18 7 1
73 0 1
50 20 1
50 37 1
50 32 1
74 75 1
74 76 1
77 78 1
77 37 1
30 78 1
36 35 1
36 75 1
36 79 1
36 21 1
80 39 1
80 68 1
80 48 1
80 24 1
80 40 1
80 55 1
80 16 1
49 8 1
49 12 1
49 23 1
49 23 1
49 39 1
49 80 1
49 48 1
49 24 1
49 42 1
49 4 1
49 5 1
20 19 1
20 81 1
20 76 1
48 33 1
48 68 1
48 24 1
48 41 1
48 14 1
48 26 1
48 5 1
24 0 1
24 8 1
24 12 1
24 23 1
24 51 1
24 33 1
24 47 1
24 80 1
24 72 1
24 34 1
24 25 1
24 14 1
24 2 1
24 55 1
24 4 1
24 9 1
24 82 1
24 57 1
78 83 1
78 84 1
78 32 1
75 74 1
59 85 1
71 8 1
71 1 1
71 48 1
71 40 1
71 40 1
71 41 1
71 52 1
71 26 1
71 15 1
71 9 1
71 27 1
71 57 1
86 30 1
86 31 1
86 87 1
79 85 1
37 75 1
88 78 1
88 76 1
89 12 1
89 1 1
89 47 1
89 40 1
89 26 1
89 15 1
89 9 1
89 44 1
90 19 1
90 62 1
41 38 1
41 18 1
41 54 1
41 2 1
41 55 1
85 78 1
31 91 1
42 23 1
42 33 1
42 40 1
42 14 1
42 2 1
42 27 1
84 78 1
84 92 1
91 93 1
72 1 1
72 43 1
72 14 1
54 14 1
54 55 1
54 6 1
67 78 1
67 85 1
94 60 1
95 94 1
34 52 1
34 55 1
34 57 1
96 0 1
96 23 1
96 13 1
96 48 1
96 26 1
96 7 1
32 75 1
32 37 1
32 85 1
25 12 1
25 68 1
25 48 1
25 40 1
25 2 1
25 2 1
25 15 1
43 33 1
43 24 1
43 41 1
43 54 1
43 52 1
43 3 1
43 6 1
14 13 1
14 41 1
14 72 1
14 2 1
2 53 1
2 13 1
2 38 1
2 33 1
2 40 1
2 34 1
2 7 1
52 12 1
52 18 1
52 54 1
52 96 1
26 12 1
26 1 1
26 18 1
26 24 1
26 2 1
26 16 1
26 27 1
26 57 1
15 8 1
15 12 1
15 13 1
15 18 1
15 41 1
15 52 1
15 52 1
55 13 1
55 47 1
55 65 1
55 40 1
55 54 1
55 25 1
55 2 1
55 15 1
55 27 1
55 44 1
55 57 1
97 30 1
97 32 1
16 72 1
98 0 1
98 12 1
98 13 1
98 33 1
98 68 1
98 24 1
98 5 1
56 33 1
56 47 1
56 49 1
56 48 1
56 2 1
56 52 1
56 16 1
56 6 1
4 9 1
4 5 1
4 27 1
4 57 1
4 7 1
99 41 1
93 100 1
9 8 1
9 22 1
9 51 1
9 47 1
9 66 1
9 71 1
9 89 1
9 89 1
9 72 1
9 2 1
9 55 1
9 16 1
9 16 1
9 44 1
9 87 1
76 50 1
76 20 1
76 21 1
5 13 1
5 1 1
5 33 1
5 47 1
5 42 1
5 14 1
5 55 1
5 7 1
6 38 1
6 1 1
6 46 1
6 80 1
6 40 1
6 41 1
6 72 1
6 2 1
44 0 1
44 13 1
44 46 1
44 39 1
44 24 1
44 26 1
44 55 1
44 56 1
44 4 1
44 27 1
101 91 1
101 93 1
57 65 1
57 24 1
57 41 1
57 72 1
57 52 1
57 15 1
57 15 1
57 56 1
57 9 1
57 27 1
57 7 1
87 19 1
87 36 1
87 9 1
7 38 1
7 1 1
7 45 1
7 71 1
7 40 1
7 96 1
7 52 1
7 4 1
7 99 1
7 9 1
7 57 1
0 13 2
0 102 2
0 16 2
8 0 2
12 2 2
12 26 2
17 12 2
17 24 2
17 7 2
22 16 2
22 4 2
38 53 2
38 22 2
38 23 2
38 33 2
38 89 2
45 34 2
45 56 2
45 27 2
45 7 2
46 16 2
46 27 2
46 6 2
51 8 2
51 12 2
51 72 2
51 9 2
33 14 2
47 0 2
47 52 2
47 27 2
39 12 2
39 71 2
39 14 2
39 27 2
39 6 2
18 13 2
18 46 2
18 65 2
18 34 2
18 2 2
18 55 2
73 12 2
73 14 2
50 76 2
74 50 2
30 29 2
30 84 2
80 12 2
80 18 2
49 1 2
49 46 2
49 39 2
49 71 2
49 40 2
49 67 2
49 2 2
49 16 2
20 29 2
48 0 2
48 13 2
48 46 2
48 47 2
48 39 2
48 18 2
48 2 2
48 4 2
24 26 2
24 56 2
24 5 2
75 92 2
75 85 2
59 92 2
71 13 2
71 54 2
71 34 2
71 56 2
71 44 2
86 97 2
89 12 2
89 47 2
89 39 2
89 25 2
89 55 2
90 61 2
90 31 2
41 7 2
31 59 2
42 47 2
42 48 2
42 14 2
42 6 2
54 1 2
54 2 2
54 56 2
54 99 2
54 7 2
96 8 2
96 80 2
96 42 2
96 2 2
25 7 2
43 13 2
43 45 2
43 46 2
43 9 2
43 44 2
14 0 2
14 26 2
2 71 2
2 14 2
2 9 2
26 34 2
26 55 2
26 9 2
15 72 2
15 14 2
15 56 2
15 6 2
102 25 2
102 55 2
55 0 2
55 89 2
55 2 2
55 16 2
55 56 2
55 4 2
55 57 2
98 72 2
98 52 2
98 56 2
98 44 2
56 23 2
56 1 2
56 54 2
56 14 2
56 4 2
9 13 2
9 56 2
9 4 2
9 6 2
5 8 2
5 12 2
5 65 2
5 2 2
5 52 2
5 6 2
6 47 2
6 68 2
6 54 2
6 25 2
6 56 2
6 9 2
44 12 2
44 23 2
44 51 2
44 47 2
44 18 2
44 24 2
44 6 2
101 61 2
57 14 2
57 55 2
57 9 2
87 76 2
7 72 2
7 25 2
12 3 3
17 56 3
38 1 3
38 68 3
38 27 3
45 23 3
45 38 3
45 1 3
45 18 3
46 13 3
51 44 3
47 13 3
47 46 3
47 34 3
47 55 3
39 2 3
68 2 3
18 14 3
18 15 3
18 6 3
50 35 3
30 64 3
30 93 3
80 33 3
49 13 3
49 47 3
49 68 3
49 18 3
49 54 3
24 71 3
24 41 3
24 44 3
78 85 3
71 8 3
71 18 3
71 24 3
71 34 3
92 78 3
103 95 3
89 52 3
89 9 3
31 62 3
42 13 3
42 4 3
72 41 3
72 7 3
54 23 3
54 15 3
96 33 3
96 47 3
96 39 3
96 54 3
96 9 3
32 92 3
25 9 3
43 49 3
43 14 3
2 8 3
2 23 3
2 42 3
2 52 3
26 47 3
26 24 3
26 6 3
15 0 3
56 8 3
56 98 3
9 13 3
9 18 3
9 54 3
9 16 3
9 57 3
9 57 3
5 46 3
5 18 3
6 23 3
6 18 3
6 52 3
6 55 3
6 7 3
44 98 3
57 102 3
57 55 3
7 0 3
7 13 3
7 39 3
7 49 3
7 16 3
0 12 4
53 57 4
38 16 4
45 46 4
51 18 4
51 54 4
51 3 4
51 15 4
47 8 4
47 12 4
47 23 4
47 16 4
60 31 4
60 95 4
64 76 4
39 16 4
18 41 4
50 29 4
80 54 4
49 33 4
49 6 4
48 23 4
48 16 4
24 13 4
79 92 4
89 65 4
89 71 4
89 25 4
96 23 4
96 49 4
2 15 4
26 8 4
26 56 4
26 5 4
55 1 4
98 41 4
56 13 4
56 46 4
56 5 4
9 55 4
5 102 4
6 24 4
44 43 4
7 12 4
7 24 4
7 44 4
12 18 5
12 52 5
38 54 5
45 33 5
77 100 5
80 2 5
24 6 5
71 55 5
71 6 5
89 26 5
96 45 5
43 38 5
2 46 5
2 44 5
26 54 5
26 44 5
9 41 5
5 54 5
5 26 5
7 41 5
7 43 5
12 3 6
17 12 6
45 68 6
51 55 6
47 18 6
47 54 6
80 23 6
80 6 6
24 18 6
98 43 6
44 54 6
44 14 6
7 68 6
45 13 7
47 24 7
80 47 7
49 4 7
24 43 7
24 98 7
78 92 7
71 12 7
71 57 7
86 31 7
89 55 7
96 18 7
96 6 7
43 72 7
43 98 7
26 13 7
102 9 7
98 14 7
5 72 7
5 56 7
7 14 7
7 56 7
12 54 8
38 13 8
38 46 8
45 4 8
47 15 8
18 8 8
80 13 8
89 2 8
89 7 8
54 57 8
96 46 8
26 72 8
56 12 8
5 4 8
5 44 8
45 6 9
80 4 9
71 0 9
89 52 9
89 4 9
54 12 9
15 56 9
102 25 9
7 6 9
38 18 10
89 56 10
89 9 10
96 1 10
96 40 10
2 18 10
26 0 10
26 14 10
15 41 10
7 33 10
0 9 11
48 6 11
24 54 11
38 23 12
47 57 12
18 56 12
96 27 12
5 12 12
38 6 13
47 44 13
96 16 13
2 57 13
26 41 13
102 65 13
56 7 13
5 24 13
0 55 14
71 72 14
54 0 14
2 72 14
55 56 14
9 72 14
0 57 15
2 24 15
7 23 15
51 7 16
55 72 16
44 12 16
2 54 17
9 14 17
38 4 18
18 12 18
102 15 18
6 3 18
57 0 18
47 72 19
96 4 19
55 14 19
9 56 19
102 57 20
5 57 21
12 52 22
71 41 22
71 14 22
96 13 22
26 56 22
55 41 22
9 41 23
47 41 24
47 14 24
18 57 24
2 14 24
6 15 24
44 7 24
18 0 25
6 12 25
18 54 26
5 0 27
47 56 28
71 56 29
47 0 30
7 18 31
54 18 33
43 12 33
24 12 34
98 12 34
7 46 35
54 52 37
54 3 37
2 41 40
102 0 40
18 52 42
5 7 42
24 7 45
2 56 46
2 0 47
18 3 52
7 54 55
43 7 57
98 7 60
