0 1 1
0 2 1
1 2 1
0 3 1
2 3 1
0 4 1
2 4 1
3 5 1
0 5 1
3 6 1
0 6 1
3 7 1
1 7 1
6 8 1
3 8 1
4 9 1
1 9 1
6 10 1
0 10 1
0 11 1
7 11 1
8 12 1
1 12 1
0 13 1
5 13 1
3 14 1
1 14 1
7 15 1
9 15 1
15 16 1
6 16 1
0 17 1
4 17 1
0 18 1
3 18 1
1 19 1
6 19 1
6 20 1
3 20 1
8 21 1
0 21 1
1 22 1
5 22 1
1 23 1
16 23 1
9 24 1
0 24 1
20 25 1
15 25 1
3 26 1
6 26 1
25 27 1
0 27 1
24 28 1
25 28 1
3 29 1
27 29 1
15 30 1
3 30 1
23 31 1
12 31 1
1 32 1
6 32 1
3 33 1
20 33 1
0 34 1
27 34 1
5 35 1
12 35 1
24 36 1
8 36 1
20 37 1
34 37 1
2 38 1
16 38 1
37 39 1
12 39 1
1 40 1
0 40 1
0 41 1
4 41 1
0 42 1
6 42 1
3 43 1
42 43 1
20 44 1
10 44 1
14 45 1
11 45 1
19 46 2
4 46 2
23 47 2
18 47 2
21 48 2
9 48 2
30 49 2
18 49 2
8 50 2
6 50 2
37 51 2
34 51 2
4 52 2
0 52 2
13 53 2
39 53 2
1 54 2
6 54 2
3 55 2
33 55 2
46 56 2
0 56 2
1 57 2
7 57 2
38 58 2
3 58 2
38 59 2
55 59 2
6 60 2
4 60 2
29 61 2
3 61 2
6 62 2
15 62 2
3 63 2
1 63 2
5 64 2
38 64 2
12 65 2
34 65 2
44 66 3
20 66 3
55 67 3
26 67 3
34 68 3
42 68 3
3 69 3
0 69 3
1 70 3
45 70 3
12 71 3
16 71 3
21 72 3
58 72 3
4 73 3
15 73 3
16 74 3
30 74 3
4 75 3
21 75 3
5 76 3
53 76 3
42 77 3
57 77 4
3 78 4
39 78 4
1 79 4
60 79 4
15 80 4
1 80 4
14 81 5
5 81 5
34 82 5
65 82 5
57 83 5
0 83 5
0 84 5
3 84 6
3 85 6
14 85 6
21 86 7
84 86 7
16 87 7
48 87 7
26 88 7
66 88 7
63 89 8
86 89 8
9 90 8
0 90 8
83 91 8
19 91 8
12 92 8
65 92 9
11 93 9
63 93 10
5 94 10
36 94 11
15 95 11
3 95 13
81 96 15
23 96 18
56 97 18
35 97 18
19 98 19
51 98 22
94 99 24
57 99 24
52 100 25
26 100 26
18 101 28
6 101 31
77 102 37
69 102 42
20 103 55
40 103 60
