2 0 1
4 0 1
4 1 1
4 2 1
5 1 1
5 2 1
5 4 1
6 0 1
6 1 1
6 2 1
7 0 1
7 1 1
7 2 1
7 4 1
7 5 1
7 6 1
8 0 1
8 2 1
8 4 1
8 7 1
9 0 1
9 1 1
9 2 1
9 4 1
9 5 1
9 6 1
9 7 1
12 0 1
12 2 1
12 4 1
12 6 1
12 7 1
12 8 1
12 9 1
13 0 1
13 2 1
13 4 1
13 6 1
13 7 1
13 9 1
13 12 1
14 0 1
14 3 1
14 4 1
14 5 1
14 6 1
14 7 1
14 9 1
14 12 1
14 13 1
15 0 1
15 2 1
15 3 1
15 4 1
15 6 1
15 7 1
15 8 1
15 9 1
15 12 1
15 13 1
15 14 1
16 1 1
16 2 1
16 4 1
16 5 1
16 6 1
16 7 1
16 8 1
16 9 1
16 13 1
16 15 1
17 0 1
17 2 1
17 9 1
17 12 1
17 13 1
17 16 1
18 0 1
18 1 1
18 2 1
18 4 1
18 5 1
18 6 1
18 7 1
18 9 1
18 12 1
18 13 1
18 14 1
18 15 1
18 16 1
19 4 1
19 9 1
19 18 1
20 1 1
20 6 1
20 7 1
20 16 1
22 4 1
22 6 1
22 9 1
22 13 1
22 14 1
23 1 1
23 2 1
23 5 1
23 6 1
23 7 1
23 9 1
23 12 1
23 14 1
23 15 1
23 16 1
23 18 1
23 20 1
24 0 1
24 1 1
24 2 1
24 4 1
24 5 1
24 6 1
24 7 1
24 8 1
24 9 1
24 11 1
24 12 1
24 13 1
24 15 1
24 16 1
24 18 1
25 1 1
25 2 1
25 6 1
25 7 1
25 8 1
25 18 1
25 19 1
25 24 1
26 1 1
26 2 1
26 4 1
26 5 1
26 6 1
26 7 1
26 8 1
26 9 1
26 10 1
26 12 1
26 13 1
26 14 1
26 18 1
26 19 1
26 23 1
26 24 1
26 25 1
27 4 1
27 5 1
27 6 1
27 8 1
27 9 1
27 13 1
27 18 1
27 24 1
28 13 1
28 17 1
29 2 1
29 7 1
29 20 1
30 5 1
30 6 1
30 12 1
30 18 1
30 22 1
30 23 1
30 24 1
30 26 1
30 27 1
31 2 1
31 6 1
31 10 1
31 15 1
31 16 1
31 18 1
31 24 1
32 3 1
32 5 1
32 7 1
32 8 1
32 13 1
32 14 1
32 16 1
32 26 1
33 0 1
33 1 1
33 2 1
33 6 1
33 12 1
33 14 1
33 15 1
33 18 1
33 23 1
33 24 1
33 25 1
33 31 1
34 0 1
34 3 1
34 12 1
34 14 1
34 18 1
34 25 1
34 33 1
35 2 1
35 3 1
35 8 1
35 18 1
35 26 1
35 33 1
36 5 1
36 9 1
36 20 1
36 32 1
37 2 1
37 6 1
37 18 1
37 25 1
38 0 1
38 1 1
38 2 1
38 4 1
38 5 1
38 7 1
38 9 1
38 12 1
38 13 1
38 14 1
38 15 1
38 16 1
38 18 1
38 23 1
38 26 1
38 36 1
38 37 1
39 2 1
39 4 1
39 5 1
39 7 1
39 9 1
39 12 1
39 14 1
39 18 1
39 19 1
39 22 1
39 23 1
39 24 1
39 26 1
39 33 1
39 36 1
39 38 1
40 0 1
40 2 1
40 4 1
40 5 1
40 6 1
40 7 1
40 9 1
40 12 1
40 13 1
40 14 1
40 15 1
40 17 1
40 22 1
40 24 1
40 25 1
40 26 1
40 34 1
40 38 1
41 0 1
41 1 1
41 2 1
41 4 1
41 7 1
41 9 1
41 12 1
41 13 1
41 15 1
41 18 1
41 24 1
41 33 1
41 34 1
41 35 1
41 38 1
41 40 1
42 2 1
42 3 1
42 6 1
42 7 1
42 12 1
42 13 1
42 23 1
42 24 1
42 26 1
42 30 1
42 31 1
42 34 1
42 39 1
43 2 1
43 5 1
43 6 1
43 7 1
43 12 1
43 14 1
43 15 1
43 18 1
43 21 1
43 23 1
43 24 1
43 25 1
43 26 1
43 32 1
43 36 1
43 39 1
43 41 1
43 42 1
44 0 1
44 1 1
44 2 1
44 4 1
44 5 1
44 6 1
44 7 1
44 9 1
44 12 1
44 13 1
44 14 1
44 15 1
44 16 1
44 18 1
44 19 1
44 21 1
44 22 1
44 24 1
44 25 1
44 26 1
44 30 1
44 31 1
44 36 1
44 37 1
44 38 1
44 39 1
44 40 1
44 43 1
45 0 1
45 2 1
45 4 1
45 6 1
45 7 1
45 9 1
45 14 1
45 18 1
45 22 1
45 23 1
45 24 1
45 25 1
45 26 1
45 27 1
45 32 1
45 33 1
45 35 1
45 38 1
45 39 1
45 40 1
45 41 1
46 0 1
46 1 1
46 2 1
46 4 1
46 6 1
46 7 1
46 8 1
46 9 1
46 12 1
46 13 1
46 14 1
46 18 1
46 23 1
46 24 1
46 25 1
46 26 1
46 27 1
46 32 1
46 35 1
46 36 1
46 37 1
46 38 1
46 39 1
46 41 1
46 43 1
46 44 1
46 45 1
47 0 1
47 1 1
47 2 1
47 4 1
47 5 1
47 6 1
47 7 1
47 9 1
47 12 1
47 13 1
47 14 1
47 16 1
47 18 1
47 21 1
47 22 1
47 23 1
47 24 1
47 25 1
47 26 1
47 27 1
47 30 1
47 31 1
47 34 1
47 40 1
47 41 1
47 44 1
47 45 1
47 46 1
48 0 1
48 2 1
48 3 1
48 4 1
48 5 1
48 6 1
48 7 1
48 9 1
48 12 1
48 13 1
48 14 1
48 16 1
48 18 1
48 24 1
48 25 1
48 26 1
48 31 1
48 33 1
48 34 1
48 35 1
48 38 1
48 39 1
48 40 1
48 41 1
48 42 1
48 43 1
48 47 1
49 0 1
49 1 1
49 2 1
49 4 1
49 5 1
49 6 1
49 7 1
49 9 1
49 12 1
49 13 1
49 14 1
49 15 1
49 16 1
49 18 1
49 23 1
49 24 1
49 26 1
49 27 1
49 29 1
49 30 1
49 32 1
49 38 1
49 39 1
49 40 1
49 43 1
49 45 1
49 46 1
49 47 1
50 2 1
50 7 1
50 8 1
50 12 1
50 25 1
50 32 1
50 34 1
50 40 2
50 43 2
51 0 2
51 1 2
51 2 2
51 5 2
51 9 2
51 12 2
51 14 2
51 15 2
51 23 2
51 25 2
51 27 2
51 33 2
51 34 2
51 37 2
51 43 2
51 46 2
51 48 2
52 1 2
52 2 2
52 4 2
52 5 2
52 6 2
52 7 2
52 9 2
52 12 2
52 14 2
52 16 2
52 18 2
52 23 2
52 26 2
52 27 2
52 30 2
52 38 2
52 39 2
52 40 2
52 44 2
52 45 2
52 48 2
52 49 2
53 4 2
53 9 2
53 21 2
53 48 2
54 2 2
54 3 2
54 4 2
54 5 2
54 6 2
54 7 2
54 9 2
54 12 2
54 14 2
54 15 2
54 18 2
54 19 2
54 22 2
54 23 2
54 25 2
54 26 2
54 27 2
54 29 2
54 38 2
54 39 2
54 40 2
54 42 2
54 44 2
54 45 2
54 46 2
54 47 2
54 48 2
54 49 2
54 52 2
54 53 2
55 0 2
55 2 2
55 4 2
55 5 2
55 6 2
55 7 2
55 8 2
55 9 2
55 12 2
55 13 2
55 14 2
55 15 2
55 17 2
55 18 2
55 20 2
55 22 2
55 23 2
55 24 2
55 25 2
55 26 2
55 27 2
55 30 2
55 32 2
55 33 2
55 34 2
55 36 2
55 38 2
55 39 2
55 40 2
55 43 2
55 44 2
55 45 2
55 46 2
55 47 2
55 48 2
55 49 2
55 51 2
55 52 2
55 54 2
56 0 2
56 1 2
56 2 2
56 4 2
56 5 2
56 6 2
56 7 2
56 9 2
56 12 2
56 13 2
56 14 2
56 15 2
56 16 2
56 17 2
56 18 2
56 19 2
56 22 2
56 23 2
56 24 2
56 25 2
56 26 2
56 27 2
56 29 2
56 33 2
56 34 2
56 39 2
56 40 2
56 41 2
56 42 2
56 43 2
56 44 2
56 45 2
56 46 2
56 47 2
56 49 2
56 52 2
56 55 2
57 0 2
57 1 2
57 2 2
57 6 2
57 7 2
57 8 2
57 12 2
57 13 2
57 14 2
57 15 2
57 16 2
57 18 2
57 20 2
57 23 2
57 24 2
57 25 2
57 26 2
57 29 2
57 31 2
57 34 2
57 41 2
57 43 2
57 44 2
57 45 2
57 46 2
57 47 2
57 49 2
57 50 2
57 55 2
57 56 2
58 7 2
58 24 2
58 47 2
58 48 2
59 14 2
59 27 2
59 45 2
59 56 2
60 0 2
60 4 2
60 5 2
60 13 2
60 24 2
60 27 2
60 30 2
60 47 2
60 50 2
60 55 2
60 57 2
61 15 2
61 16 2
61 18 3
61 48 3
61 52 3
61 56 3
62 7 3
62 18 3
62 26 3
63 31 3
64 12 3
64 14 3
64 52 3
65 1 3
65 4 3
65 7 3
65 16 3
65 18 3
65 21 3
65 22 3
65 23 3
65 24 3
65 45 3
65 49 3
65 50 3
65 52 3
65 56 3
66 2 3
66 5 3
66 9 3
66 27 3
66 44 3
66 46 3
66 47 3
66 48 3
66 64 3
67 33 3
67 38 3
67 39 3
67 59 3
68 0 3
68 2 3
68 5 3
68 6 3
68 8 3
68 9 3
68 15 3
68 26 3
68 32 3
68 33 3
68 38 3
68 42 3
68 43 3
68 44 3
68 45 3
68 46 3
68 47 3
68 48 3
68 54 3
68 55 3
68 57 3
70 2 3
70 5 3
70 44 3
71 0 3
71 1 3
71 2 3
71 3 3
71 6 3
71 7 3
71 8 3
71 9 3
71 10 3
71 14 3
71 15 3
71 16 3
71 18 3
71 20 3
71 23 3
71 24 3
71 25 3
71 26 3
71 27 3
71 28 3
71 29 3
71 30 3
71 31 3
71 33 3
71 34 3
71 37 3
71 38 3
71 39 3
71 41 3
71 43 3
71 45 3
71 46 3
71 47 3
71 48 3
71 49 3
71 50 3
71 51 3
71 54 3
71 57 3
71 59 3
71 66 3
71 68 3
72 0 3
72 1 3
72 2 3
72 4 3
72 5 3
72 9 3
72 12 3
72 13 3
72 14 3
72 15 3
72 18 3
72 22 4
72 23 4
72 25 4
72 26 4
72 33 4
72 38 4
72 39 4
72 40 4
72 41 4
72 42 4
72 43 4
72 44 4
72 45 4
72 46 4
72 48 4
72 49 4
72 51 4
72 52 4
72 54 4
72 55 4
72 56 4
72 57 4
72 59 4
72 71 4
73 17 4
73 38 4
73 47 4
73 49 4
73 55 4
74 6 4
74 20 4
74 23 4
74 35 4
74 47 4
74 49 4
74 71 4
75 2 4
75 5 4
75 9 4
75 12 4
75 34 4
75 40 4
75 46 4
75 55 4
75 56 4
75 57 4
75 71 4
76 1 4
76 4 4
76 5 4
76 18 4
76 24 4
76 34 4
76 38 4
76 42 4
76 44 4
76 47 4
76 56 4
76 75 4
77 1 4
77 27 4
77 47 5
78 0 5
78 6 5
78 8 5
78 24 5
78 25 5
78 36 5
78 39 5
78 42 5
78 44 5
78 45 5
78 46 5
78 51 5
78 56 5
78 65 5
78 73 5
78 76 5
79 24 5
79 71 5
80 0 5
80 1 5
80 2 5
80 5 5
80 6 5
80 7 5
80 8 5
80 10 5
80 18 5
80 19 5
80 25 5
80 26 5
80 33 5
80 35 5
80 40 5
80 41 5
80 43 5
80 44 5
80 45 6
80 46 6
80 48 6
80 57 6
80 59 6
80 65 6
80 66 6
80 71 6
80 73 6
80 75 6
81 25 6
82 18 6
82 26 6
83 0 6
83 2 6
84 0 6
84 7 6
84 9 6
84 14 7
84 24 7
84 30 7
84 47 7
84 49 7
85 2 7
85 5 7
85 13 7
85 14 7
85 16 7
85 24 7
85 27 7
85 51 7
85 55 7
85 56 7
85 60 7
86 39 7
86 46 7
86 49 7
87 1 7
87 5 7
87 7 7
87 11 7
87 18 7
87 37 7
87 59 7
87 83 7
88 0 7
88 26 7
88 30 7
88 45 7
89 0 7
89 2 7
89 4 7
89 5 7
89 8 7
89 9 8
89 12 8
89 13 8
89 14 8
89 15 8
89 17 8
89 18 8
89 24 8
89 26 8
89 28 8
89 31 8
89 37 8
89 38 8
89 40 8
89 44 8
89 47 8
89 51 8
89 54 8
89 55 8
89 56 8
89 67 8
89 85 8
90 6 8
90 12 8
90 22 8
90 26 8
90 76 8
90 80 9
91 36 9
91 48 9
91 52 9
92 2 9
92 7 9
92 13 9
92 22 9
92 24 9
92 25 9
92 26 9
92 29 9
92 30 9
92 41 10
92 74 10
92 76 10
93 25 10
93 65 10
94 5 10
94 6 10
94 14 10
94 22 10
94 44 10
94 47 10
94 52 10
95 5 10
95 15 10
95 21 10
95 38 10
95 42 10
95 44 10
95 55 10
95 89 10
95 92 10
95 93 10
96 2 10
96 5 10
96 6 11
96 7 11
96 9 12
96 12 12
96 13 12
96 15 12
96 18 12
96 24 12
96 26 12
96 28 12
96 29 13
96 31 13
96 33 13
96 36 13
96 38 13
96 39 13
96 42 13
96 44 13
96 45 13
96 46 13
96 48 13
96 51 14
96 52 14
96 54 14
96 55 14
96 56 14
96 57 14
96 61 14
96 64 14
96 65 14
96 68 14
96 71 14
96 72 14
96 73 15
96 76 16
96 92 16
96 95 16
97 1 16
97 8 16
97 48 16
98 2 18
98 4 18
98 5 18
98 6 18
98 9 18
98 11 18
98 12 18
98 14 18
98 15 18
98 16 19
98 18 19
98 24 20
98 25 20
98 26 20
98 33 20
98 38 22
98 44 22
98 45 22
98 46 22
98 47 22
98 48 22
98 49 22
98 55 22
98 56 23
98 61 24
98 78 24
98 79 24
98 83 24
98 86 24
98 93 24
98 96 24
99 6 24
99 7 25
99 13 25
99 21 25
99 39 27
99 47 28
99 78 29
100 12 30
100 16 30
100 18 34
100 33 34
100 50 34
100 80 34
101 12 35
101 33 35
101 34 37
101 72 37
102 0 37
102 4 40
102 5 42
102 7 47
102 15 47
102 18 47
102 19 52
102 26 52
102 42 52
102 46 55
102 47 55
102 51 55
102 62 55
102 65 60
102 71 60
102 101 60
103 63 60
