3 1 1
5 2 1
7 2 1
8 2 1
8 5 1
10 4 1
11 5 1
12 8 1
12 11 1
13 2 1
14 5 1
14 13 1
15 12 1
15 14 1
16 7 1
16 9 1
17 4 1
17 9 1
18 3 1
18 11 1
18 12 1
19 3 1
19 12 1
19 15 1
21 9 1
21 11 1
21 13 1
21 15 1
21 20 1
22 2 1
22 6 1
22 13 1
23 17 1
23 18 1
23 19 1
24 5 1
24 17 1
24 21 1
25 1 1
25 2 1
25 7 1
25 12 1
25 13 1
26 1 1
26 4 1
26 10 1
26 11 1
27 16 1
27 17 1
27 18 1
27 23 1
28 2 1
28 16 1
28 17 1
28 21 1
29 4 1
29 7 1
29 28 1
30 8 1
30 11 1
30 17 1
30 18 1
30 19 1
30 24 1
30 27 1
30 28 1
31 9 1
31 21 1
32 2 1
32 4 1
32 18 1
33 1 1
33 15 1
33 27 1
33 28 1
34 7 1
34 12 1
34 20 1
34 24 1
34 29 1
35 5 1
35 8 1
35 9 1
36 19 1
36 28 1
36 33 1
37 7 1
37 26 1
38 6 1
38 10 1
38 20 1
38 28 1
38 29 1
38 30 1
38 31 1
39 2 1
39 7 1
39 21 1
39 27 1
39 36 1
39 38 1
40 3 1
40 35 1
41 6 1
41 18 1
41 26 1
41 28 1
42 7 1
42 11 1
42 30 1
43 3 1
43 12 1
43 14 1
43 15 1
43 28 1
43 31 1
44 2 1
44 11 1
44 12 1
44 16 1
44 23 1
44 30 1
44 31 1
44 32 1
45 2 1
45 22 1
45 25 1
45 33 1
45 41 1
46 16 1
46 22 1
46 33 1
46 41 1
46 42 1
47 29 1
47 39 1
48 12 1
48 17 1
48 28 1
48 38 1
48 46 1
49 3 1
49 11 1
49 13 1
49 16 1
49 21 1
49 26 1
49 28 1
49 43 1
50 5 1
50 14 1
50 21 1
50 35 1
50 40 1
50 44 1
50 49 1
51 1 1
51 10 1
51 15 1
51 17 1
51 19 1
51 29 1
51 44 1
51 50 1
52 1 1
52 18 1
52 30 1
52 35 1
52 38 1
52 46 1
52 50 1
52 51 1
53 3 1
53 7 1
53 8 1
53 13 1
53 28 1
53 39 1
53 42 1
54 2 1
54 10 1
54 20 1
54 24 1
54 30 1
54 31 1
54 44 1
55 3 1
55 9 1
55 15 1
55 31 1
55 40 1
56 3 1
56 13 1
56 19 1
56 33 1
56 43 1
56 49 1
57 1 1
57 3 1
57 4 1
57 7 1
57 15 1
57 30 1
57 38 1
57 43 1
57 44 1
57 45 1
57 52 1
58 14 1
59 2 1
59 6 1
59 8 1
59 25 1
59 54 1
60 2 1
60 6 1
60 10 1
60 11 1
60 57 1
60 59 1
61 4 1
61 6 1
61 9 1
61 26 1
61 44 1
62 2 1
62 8 1
62 21 1
62 25 1
62 31 1
63 13 1
63 16 1
63 19 1
63 27 1
63 31 1
63 57 1
63 61 1
64 6 1
64 7 1
64 11 1
64 22 1
64 37 1
64 43 1
64 45 1
64 51 1
64 53 1
64 56 1
65 3 1
65 24 1
65 31 1
65 38 1
65 42 1
65 51 1
65 57 1
65 58 1
66 4 1
66 14 1
66 20 1
66 21 1
66 24 1
66 27 1
66 31 1
66 32 1
66 33 1
66 45 1
66 60 1
67 5 1
67 12 1
67 41 1
67 50 1
67 59 1
67 64 1
68 5 1
68 19 1
68 20 1
68 23 1
68 25 1
68 27 1
68 30 1
68 59 1
69 1 1
69 5 1
69 12 1
69 15 1
69 38 1
69 45 1
69 51 2
69 67 2
70 29 2
70 33 2
70 43 2
70 55 2
70 57 2
70 64 2
70 65 2
71 3 2
71 22 2
71 63 2
72 1 2
72 9 2
72 14 2
72 18 2
72 27 2
72 36 2
72 46 2
72 62 2
73 4 2
73 22 2
73 23 2
73 28 2
73 54 2
73 58 2
73 64 2
73 65 2
73 66 2
73 67 2
73 69 2
74 4 2
74 9 2
74 14 2
74 21 2
74 22 2
74 24 2
74 33 2
74 38 2
74 45 2
74 48 2
74 53 2
74 57 2
74 70 2
74 71 2
75 2 2
75 3 2
75 7 2
75 13 2
75 33 2
75 57 2
76 2 2
76 16 2
76 21 2
76 41 2
76 48 2
76 73 2
77 6 2
77 16 2
77 17 2
77 24 2
77 28 2
77 34 2
77 39 2
77 43 2
77 54 2
77 62 2
78 9 2
78 19 2
78 20 2
78 39 2
78 45 2
78 48 2
78 61 2
78 62 2
78 69 2
78 73 2
79 12 2
79 29 2
79 44 2
79 67 2
79 70 2
79 71 2
79 74 2
80 11 2
80 13 2
80 21 2
80 26 2
80 35 2
80 40 2
80 42 2
80 58 2
80 63 2
80 71 2
81 2 2
81 12 2
81 15 2
81 23 2
81 47 2
81 57 2
81 61 2
81 66 2
81 67 2
81 75 2
82 1 2
82 28 2
82 32 2
82 38 2
82 48 2
82 53 2
82 54 2
82 59 2
82 67 2
83 10 2
83 30 2
83 33 2
83 59 2
83 69 2
83 79 2
83 82 2
84 15 2
84 23 2
84 26 2
84 27 2
84 32 2
84 37 2
84 60 2
84 71 2
84 77 3
84 82 3
84 83 3
85 2 3
85 8 3
85 9 3
85 17 3
85 20 3
85 42 3
85 50 3
85 58 3
85 62 3
85 63 3
85 70 3
85 73 3
85 75 3
85 78 3
86 4 3
86 10 3
86 29 3
86 30 3
86 43 3
86 51 3
86 57 3
87 6 3
87 8 3
87 79 3
87 84 3
88 5 3
88 36 3
88 58 3
88 73 3
88 81 3
89 7 3
89 37 3
89 42 3
89 44 3
89 46 3
89 61 3
89 63 3
89 66 3
89 68 3
89 74 3
89 76 3
90 2 3
90 6 3
90 19 3
90 26 3
90 34 3
90 36 3
90 39 3
90 41 3
90 45 3
90 47 3
90 56 3
90 59 3
90 67 3
90 68 3
90 73 3
90 76 3
90 89 3
91 6 3
91 15 3
91 21 3
91 33 3
91 66 4
91 77 4
91 80 4
91 84 4
92 1 4
92 6 4
92 12 4
92 16 4
92 21 4
92 24 4
92 25 4
92 27 4
92 28 4
92 31 4
92 33 4
92 37 4
92 39 4
92 47 4
92 55 4
92 62 4
92 70 4
92 80 4
92 86 4
93 3 4
93 8 4
93 9 4
93 17 4
93 28 4
93 38 4
93 50 4
93 60 5
93 69 5
93 71 5
93 77 5
93 81 5
93 88 5
93 92 5
94 4 5
94 16 5
94 17 5
94 41 5
94 49 5
94 61 5
94 70 5
94 73 5
94 87 5
94 88 5
95 5 5
95 6 6
95 8 6
95 9 6
95 15 6
95 31 6
95 39 6
95 59 6
95 60 6
95 81 6
96 4 7
96 16 7
96 36 7
96 44 7
96 47 7
96 69 7
96 74 7
97 4 7
97 5 7
97 20 7
97 26 7
97 31 7
97 35 7
97 36 7
97 37 7
97 44 7
97 49 7
97 57 7
97 66 8
97 68 8
97 74 8
97 76 8
97 81 8
98 7 8
98 11 8
98 41 8
98 53 8
98 54 8
98 70 8
98 96 8
99 10 9
99 23 9
99 24 9
99 25 9
99 51 9
99 57 9
99 58 9
99 68 10
99 71 10
99 75 10
99 90 10
100 2 10
100 15 10
100 24 11
100 28 11
100 29 12
100 50 12
100 62 12
100 65 12
100 70 13
100 73 13
100 86 13
100 90 13
101 5 13
101 29 13
101 30 13
101 34 13
101 35 14
101 52 14
101 58 14
101 80 14
102 11 14
102 28 15
102 49 15
102 54 16
102 55 16
102 58 17
102 63 17
102 74 18
102 79 18
102 80 19
102 86 19
102 94 20
103 5 21
103 23 22
103 27 24
103 28 24
103 29 24
103 30 24
103 41 24
103 48 25
103 51 26
103 58 27
103 78 30
103 80 33
103 91 33
103 100 34
104 1 35
104 7 37
104 37 40
104 44 42
104 52 45
104 58 46
104 60 47
104 73 52
104 78 55
104 96 57
104 98 60
