0 1
2 1
3 1
4 1
5 1
6 1
2 1
7 1
8 1
9 1
3 1
10 1
11 1
12 1
12 1
13 1
14 1
15 1
16 1
17 1
18 1
19 1
20 1
20 1
21 1
22 1
23 1
24 1
25 1
1 0
26 0
27 0
13 0
28 0
29 0
26 0
30 0
8 0
9 0
27 0
31 0
11 0
11 0
12 0
14 0
32 0
32 0
20 0
20 0
21 0
33 0
33 0
34 0
35 0
36 0
37 0
38 0
1 6
39 6
40 6
29 6
29 6
41 6
31 6
10 6
14 6
42 6
43 6
43 6
44 6
45 6
45 6
45 6
46 6
47 6
47 6
47 6
48 6
48 6
49 6
50 6
51 6
51 6
52 6
52 6
53 6
54 6
35 6
55 6
55 6
24 6
56 6
57 6
58 6
59 6
60 6
0 29
6 29
6 29
61 29
41 29
62 29
31 29
31 29
10 29
10 29
4 29
63 29
15 29
61 29
61 29
40 29
64 29
64 29
65 29
66 29
45 29
45 29
17 29
17 29
17 29
67 29
67 29
68 29
19 29
51 29
51 29
52 29
53 29
69 29
70 29
1 2
1 2
71 2
71 2
3 2
72 2
72 2
73 2
73 2
74 2
49 2
49 2
51 2
75 2
76 2
0 26
0 26
30 26
77 26
77 26
78 26
78 26
79 26
27 26
27 26
80 26
81 26
82 26
83 26
83 26
83 26
84 26
84 26
85 26
85 26
52 26
52 26
53 26
75 26
59 26
86 26
87 26
88 89
4 89
74 89
24 89
7 89
7 89
8 89
8 89
9 89
41 89
90 89
90 89
3 89
31 89
10 89
11 89
11 89
13 89
4 89
91 89
32 89
15 89
73 89
92 89
74 89
23 89
93 89
89 88
30 88
30 88
30 88
9 88
90 88
27 88
27 88
10 88
11 88
12 88
13 88
13 88
4 88
91 88
15 88
15 88
94 88
68 88
95 88
95 88
20 88
21 88
96 97
8 97
98 97
98 97
98 97
99 97
90 97
90 97
16 97
16 97
97 96
9 96
39 96
39 96
98 96
77 96
77 96
90 96
90 96
82 96
82 96
75 96
1 7
89 7
89 7
30 7
100 7
16 7
8 7
8 7
101 7
101 7
101 7
98 7
71 7
71 7
79 7
90 7
90 7
90 7
90 7
102 7
102 7
102 7
3 7
3 7
3 7
103 7
104 7
104 7
104 7
104 7
105 7
94 7
106 7
106 7
5 7
5 7
50 7
24 7
0 30
88 30
88 30
88 30
26 30
7 30
103 30
82 30
9 30
9 30
107 30
78 30
78 30
90 30
90 30
90 30
108 30
108 30
108 30
108 30
27 30
27 30
103 30
103 30
109 30
109 30
82 30
105 30
105 30
105 30
94 30
94 30
94 30
94 30
28 30
28 30
110 30
1 8
0 8
89 8
89 8
7 8
7 8
97 8
111 8
112 8
52 8
33 8
54 8
98 8
99 8
71 8
71 8
78 8
78 8
79 8
79 8
90 8
90 8
102 8
3 8
3 8
100 8
104 8
31 8
11 8
11 8
105 8
105 8
113 8
111 8
45 8
45 8
45 8
114 8
112 8
115 8
115 8
115 8
115 8
50 8
52 8
22 8
33 8
33 8
33 8
116 8
116 8
117 8
118 8
93 8
119 8
1 9
0 9
89 9
88 9
30 9
30 9
96 9
120 9
111 9
112 9
51 9
22 9
121 9
35 9
71 9
71 9
78 9
79 9
79 9
90 9
90 9
108 9
27 9
27 9
103 9
10 9
12 9
14 9
73 9
105 9
94 9
111 9
45 9
17 9
114 9
112 9
49 9
122 9
122 9
22 9
22 9
33 9
24 9
116 9
117 9
123 9
124 9
124 9
37 9
125 9
125 9
7 101
7 101
7 101
58 101
126 101
102 101
104 101
104 101
12 101
13 101
4 101
63 101
127 101
127 101
128 101
81 101
91 101
32 101
5 101
50 101
76 101
30 107
108 107
129 107
109 107
109 107
4 107
127 107
127 107
128 107
128 107
106 107
114 107
130 107
131 107
110 107
36 107
36 107
36 107
96 39
96 39
6 39
98 39
108 39
80 39
79 39
79 39
108 39
80 39
113 39
122 39
115 39
97 98
97 98
97 98
96 98
7 98
8 98
39 98
102 98
72 98
79 98
90 98
90 98
102 98
80 98
132 98
122 98
133 98
97 99
8 99
77 99
22 99
71 99
71 99
79 99
79 99
90 99
90 99
100 99
16 99
16 99
105 99
105 99
105 99
94 99
94 99
94 99
132 99
114 99
49 99
49 99
122 99
26 77
26 77
96 77
96 77
99 77
33 77
78 77
79 77
79 77
90 77
90 77
108 77
80 77
82 77
82 77
94 77
94 77
106 77
85 77
115 77
2 71
2 71
7 71
7 71
8 71
8 71
9 71
9 71
99 71
99 71
78 71
102 71
3 71
79 71
100 71
63 71
16 71
16 71
73 71
73 71
134 71
134 71
106 71
114 71
49 71
49 71
51 71
53 71
22 71
75 71
75 71
135 71
135 71
76 71
136 71
26 78
26 78
30 78
30 78
8 78
8 78
9 78
77 78
71 78
108 78
27 78
82 78
14 78
63 78
63 78
82 78
82 78
83 78
83 78
134 78
134 78
106 78
114 78
85 78
85 78
115 78
51 78
53 78
33 78
33 78
75 78
75 78
59 78
86 78
119 78
6 41
29 41
89 41
133 41
31 41
14 41
63 41
63 41
69 41
101 126
64 126
19 126
4 126
14 126
43 126
43 126
44 126
92 126
95 126
95 126
137 126
137 126
50 126
138 126
24 126
24 126
123 126
123 126
64 139
65 139
65 139
66 139
140 139
137 139
141 139
142 139
59 143
51 143
24 143
118 143
118 143
59 143
37 143
29 62
52 62
36 62
144 62
70 62
135 62
119 62
37 62
11 145
61 145
40 145
18 145
84 145
51 145
52 145
31 145
31 145
10 145
10 145
11 145
11 145
12 145
13 145
4 145
91 145
32 145
113 145
132 145
134 145
134 145
137 145
137 145
18 145
18 145
84 145
49 145
49 145
85 145
85 145
146 145
31 147
10 147
148 147
149 147
10 147
12 147
13 147
14 147
63 147
63 147
150 147
120 147
95 147
151 147
151 147
152 153
154 153
31 153
10 153
63 153
120 153
120 153
155 153
137 153
133 153
149 153
149 153
31 156
10 156
152 156
157 156
31 156
10 156
11 156
12 156
63 156
158 156
120 156
155 156
149 156
159 156
159 156
158 160
161 160
31 160
10 160
11 160
12 160
13 160
158 160
162 160
163 160
163 160
160 161
31 161
10 161
164 161
31 161
10 161
11 161
12 161
13 161
4 161
162 161
165 161
114 161
166 161
166 161
31 167
10 167
12 167
168 167
169 167
10 167
11 167
12 167
170 167
19 167
171 167
171 167
31 172
10 172
11 172
12 172
31 172
10 172
12 172
31 173
10 173
31 173
10 173
31 174
10 174
175 174
31 174
10 174
10 174
11 174
31 176
10 176
31 176
10 176
11 176
12 176
13 176
4 176
177 178
31 178
10 178
13 178
179 178
179 178
177 178
180 178
181 178
26 79
7 79
8 79
8 79
9 79
9 79
39 79
39 79
98 79
99 79
99 79
77 79
77 79
71 79
103 79
16 79
82 79
105 79
105 79
94 79
94 79
85 79
89 90
89 90
88 90
97 90
97 90
96 90
96 90
7 90
7 90
7 90
7 90
30 90
30 90
30 90
8 90
8 90
9 90
9 90
98 90
98 90
99 90
99 90
77 90
77 90
100 90
82 90
82 90
105 90
94 90
28 90
7 102
7 102
7 102
8 102
101 102
98 102
98 102
71 102
104 102
16 102
30 108
30 108
30 108
30 108
9 108
107 108
39 108
77 108
39 108
78 108
83 108
94 108
140 108
1 3
2 3
89 3
7 3
7 3
7 3
8 3
8 3
1 3
71 3
27 3
20 3
24 3
104 3
31 3
11 3
13 3
4 3
4 3
106 3
114 3
49 3
22 3
23 3
24 3
146 3
0 27
26 27
26 27
88 27
88 27
30 27
30 27
9 27
9 27
0 27
78 27
3 27
109 27
21 27
36 27
103 27
10 27
10 27
12 27
13 27
13 27
4 27
63 27
83 27
106 27
114 27
84 27
84 27
85 27
110 27
36 27
36 27
8 100
99 100
71 100
90 100
7 100
103 100
104 100
105 100
105 100
94 100
94 100
122 100
7 103
30 103
30 103
9 103
79 103
27 103
30 103
100 103
105 103
94 103
94 103
129 182
104 182
128 182
106 182
114 182
5 182
5 182
5 182
107 129
182 129
109 129
109 129
106 129
114 129
28 129
28 129
7 104
7 104
7 104
7 104
8 104
101 104
101 104
102 104
3 104
100 104
182 104
109 104
5 104
24 104
128 104
106 104
5 104
30 109
30 109
107 109
107 109
129 109
129 109
27 109
104 109
28 109
36 109
82 109
140 109
28 109
110 109
2 72
2 72
98 72
80 72
73 72
31 72
31 72
4 72
14 72
134 72
183 72
49 72
122 72
122 72
122 72
75 72
146 72
146 72
26 80
39 80
98 80
77 80
39 80
72 80
83 80
10 80
63 80
63 80
82 80
134 80
85 80
85 80
115 80
115 80
53 80
87 80
87 80
87 80
0 31
6 31
29 31
29 31
89 31
8 31
41 31
145 31
145 31
153 31
156 31
160 31
161 31
172 31
172 31
173 31
174 31
176 31
178 31
3 31
72 31
72 31
147 31
156 31
161 31
167 31
172 31
173 31
174 31
176 31
10 31
32 31
150 31
152 31
184 31
168 31
185 31
186 31
187 31
45 31
188 31
95 31
137 31
18 31
33 31
189 31
190 31
93 31
191 31
192 31
193 31
194 31
148 31
154 31
157 31
195 31
164 31
169 31
196 31
197 31
198 31
199 31
10 31
10 31
11 31
11 31
12 31
12 31
12 31
13 31
13 31
13 31
4 31
4 31
14 31
14 31
63 31
63 31
81 31
15 31
105 31
132 31
132 31
65 31
150 31
150 31
152 31
152 31
158 31
158 31
184 31
184 31
168 31
168 31
185 31
186 31
200 31
201 31
201 31
202 31
202 31
187 31
134 31
111 31
45 31
45 31
17 31
17 31
188 31
188 31
203 31
204 31
205 31
206 31
170 31
170 31
207 31
207 31
95 31
95 31
95 31
95 31
137 31
137 31
137 31
137 31
208 31
209 31
210 31
131 31
131 31
18 31
18 31
84 31
122 31
122 31
20 31
21 31
22 31
33 31
24 31
116 31
118 31
118 31
123 31
123 31
93 31
59 31
192 31
194 31
194 31
148 31
154 31
157 31
195 31
169 31
169 31
196 31
197 31
198 31
180 31
171 31
1 10
6 10
29 10
29 10
89 10
88 10
9 10
145 10
145 10
147 10
153 10
153 10
156 10
160 10
161 10
167 10
172 10
173 10
173 10
174 10
174 10
174 10
176 10
178 10
27 10
27 10
80 10
31 10
31 10
147 10
156 10
161 10
167 10
172 10
173 10
174 10
176 10
31 10
150 10
152 10
158 10
184 10
168 10
185 10
200 10
202 10
137 10
22 10
33 10
211 10
190 10
212 10
213 10
148 10
154 10
157 10
195 10
164 10
169 10
197 10
198 10
180 10
199 10
11 10
11 10
11 10
12 10
12 10
13 10
13 10
13 10
4 10
4 10
4 10
14 10
14 10
14 10
63 10
63 10
214 10
214 10
32 10
15 10
113 10
113 10
150 10
150 10
152 10
158 10
158 10
184 10
184 10
168 10
185 10
185 10
186 10
200 10
200 10
201 10
162 10
202 10
187 10
187 10
134 10
111 10
45 10
17 10
188 10
188 10
188 10
203 10
203 10
215 10
216 10
204 10
205 10
170 10
207 10
207 10
95 10
95 10
95 10
137 10
137 10
208 10
209 10
18 10
18 10
84 10
217 10
115 10
20 10
21 10
51 10
36 10
117 10
70 10
70 10
189 10
211 10
211 10
123 10
135 10
194 10
194 10
148 10
148 10
154 10
157 10
195 10
169 10
169 10
196 10
196 10
197 10
198 10
166 10
218 10
181 10
181 10
1 11
0 11
0 11
89 11
89 11
88 11
8 11
8 11
145 11
145 11
156 11
160 11
161 11
167 11
174 11
176 11
3 11
31 11
31 11
10 11
10 11
10 11
145 11
172 11
12 11
162 11
219 11
202 11
187 11
220 11
134 11
122 11
115 11
133 11
93 11
221 11
125 11
136 11
222 11
223 11
224 11
225 11
226 11
199 11
227 11
228 11
12 11
12 11
13 11
4 11
4 11
14 11
63 11
127 11
128 11
214 11
214 11
81 11
91 11
32 11
15 11
15 11
61 11
42 11
64 11
73 11
134 11
111 11
45 11
45 11
17 11
95 11
137 11
137 11
131 11
131 11
18 11
18 11
84 11
28 11
19 11
50 11
110 11
22 11
33 11
93 11
93 11
60 11
146 11
87 11
194 11
164 11
197 11
136 11
229 11
230 11
1 12
1 12
0 12
88 12
9 12
101 12
145 12
147 12
156 12
160 12
161 12
167 12
172 12
176 12
27 12
31 12
31 12
31 12
10 12
10 12
11 12
11 12
167 12
172 12
11 12
120 12
231 12
162 12
219 12
202 12
187 12
220 12
155 12
134 12
210 12
122 12
115 12
133 12
221 12
169 12
196 12
136 12
232 12
222 12
224 12
225 12
226 12
199 12
227 12
228 12
233 12
127 12
128 12
128 12
214 12
81 12
91 12
32 12
15 12
64 12
64 12
83 12
168 12
45 12
45 12
17 12
114 12
95 12
95 12
137 12
210 12
131 12
18 12
84 12
19 12
122 12
50 12
110 12
110 12
22 12
33 12
33 12
24 12
36 12
93 12
38 12
87 12
213 12
154 12
196 12
159 12
1 13
89 13
88 13
88 13
101 13
145 13
147 13
160 13
161 13
176 13
178 13
3 13
27 13
27 13
31 13
31 13
31 13
10 13
10 13
10 13
11 13
0 13
64 13
45 13
17 13
4 13
81 13
32 13
15 13
150 13
152 13
158 13
184 13
184 13
168 13
200 13
45 13
17 13
17 13
188 13
188 13
203 13
204 13
205 13
170 13
207 13
95 13
95 13
137 13
210 13
36 13
189 13
189 13
211 13
190 13
154 13
157 13
157 13
29 4
89 4
88 4
101 4
107 4
126 4
145 4
161 4
176 4
3 4
3 4
27 4
72 4
31 4
31 4
10 4
10 4
10 4
11 4
11 4
13 4
1 4
89 4
32 4
17 4
63 4
214 4
91 4
15 4
15 4
150 4
152 4
158 4
158 4
184 4
184 4
168 4
200 4
201 4
219 4
111 4
45 4
17 4
106 4
114 4
188 4
188 4
203 4
234 4
205 4
170 4
207 4
207 4
95 4
137 4
210 4
131 4
18 4
217 4
122 4
189 4
211 4
190 4
194 4
148 4
195 4
198 4
1 14
0 14
6 14
9 14
78 14
41 14
126 14
147 14
72 14
31 14
31 14
10 14
10 14
10 14
11 14
63 14
22 14
33 14
235 14
236 14
214 14
32 14
61 14
42 14
113 14
132 14
132 14
66 14
140 14
140 14
150 14
152 14
158 14
158 14
184 14
134 14
134 14
17 14
237 14
47 14
68 14
68 14
95 14
137 14
137 14
210 14
131 14
131 14
112 14
122 14
122 14
115 14
115 14
51 14
51 14
121 14
24 14
189 14
211 14
190 14
123 14
146 14
146 14
212 14
192 14
193 14
148 14
148 14
149 14
159 14
29 63
101 63
71 63
78 63
78 63
41 63
41 63
147 63
147 63
153 63
156 63
27 63
80 63
80 63
31 63
31 63
10 63
10 63
11 63
4 63
14 63
22 63
33 63
238 63
235 63
236 63
214 63
15 63
15 63
61 63
113 63
113 63
44 63
44 63
92 63
92 63
150 63
152 63
152 63
158 63
162 63
134 63
134 63
17 63
46 63
237 63
48 63
48 63
95 63
137 63
18 63
122 63
122 63
115 63
115 63
51 63
52 63
121 63
36 63
189 63
211 63
190 63
87 63
191 63
212 63
213 63
193 63
194 63
148 63
154 63
157 63
101 127
101 127
107 127
107 127
11 127
12 127
128 127
81 127
91 127
28 127
128 127
128 127
128 127
214 127
214 127
214 127
81 127
81 127
91 127
91 127
91 127
32 127
15 127
42 127
106 127
106 127
106 127
114 127
114 127
216 127
234 127
205 127
210 127
5 127
28 127
110 127
125 127
125 127
239 127
101 128
107 128
107 128
182 128
104 128
11 128
12 128
12 128
240 241
127 128
127 128
127 128
81 128
91 128
230 128
81 128
81 128
91 128
91 128
32 128
32 128
15 128
42 128
114 128
210 128
5 128
28 128
239 128
218 128
10 214
10 214
11 214
11 214
12 214
4 214
14 214
63 214
127 214
127 214
127 214
50 214
110 214
32 214
42 214
200 214
234 214
234 214
234 214
242 214
242 214
207 214
95 214
210 214
131 214
131 214
84 214
28 214
112 214
198 214
26 81
101 81
31 81
11 81
12 81
13 81
127 81
127 81
128 81
128 81
127 81
128 81
91 81
205 81
91 81
91 81
32 81
32 81
32 81
83 81
43 81
65 81
234 81
84 81
84 81
5 81
28 81
110 81
33 81
75 81
59 81
86 81
151 81
89 91
88 91
101 91
145 91
11 91
12 91
4 91
127 91
127 91
127 91
128 91
128 91
81 91
81 91
127 91
128 91
81 91
15 91
234 91
242 91
243 91
210 91
18 91
18 91
50 91
51 91
75 91
75 91
135 91
76 91
230 91
0 32
0 32
89 32
101 32
145 32
10 32
11 32
12 32
13 32
14 32
127 32
128 32
128 32
128 32
214 32
81 32
81 32
81 32
31 32
4 32
15 32
95 32
137 32
121 32
15 32
65 32
106 32
106 32
114 32
114 32
188 32
170 32
95 32
95 32
95 32
137 32
210 32
131 32
131 32
19 32
19 32
244 32
110 32
110 32
33 32
121 32
36 32
1 15
29 15
89 15
88 15
88 15
31 15
10 15
11 15
11 15
12 15
13 15
4 15
4 15
63 15
63 15
127 15
128 15
91 15
32 15
32 15
95 15
64 15
43 15
17 15
203 15
95 15
95 15
137 15
137 15
210 15
210 15
131 15
28 15
19 15
50 15
110 15
211 15
146 15
29 61
29 61
11 61
14 61
63 61
29 61
145 61
40 61
18 61
84 61
112 61
20 61
21 61
51 61
135 61
59 61
86 61
125 61
227 61
64 61
134 61
111 61
215 61
215 61
215 61
215 61
216 61
216 61
245 61
245 61
245 61
19 61
112 61
112 61
52 61
22 61
33 61
33 61
121 61
69 61
246 61
247 61
247 61
117 61
248 61
119 61
29 40
6 40
145 40
61 40
18 40
20 40
52 40
135 40
59 40
86 40
43 40
111 40
5 40
112 40
20 40
51 40
52 40
22 40
33 40
121 40
69 40
246 40
246 40
247 40
116 40
135 40
124 40
119 40
6 42
11 42
14 42
127 42
128 42
214 42
175 42
111 42
245 42
152 42
155 42
249 42
175 42
175 42
114 42
114 42
137 42
210 42
131 42
84 42
84 42
84 42
28 42
112 42
244 42
121 42
189 42
211 42
190 42
250 42
229 42
251 42
29 64
29 64
11 64
12 64
12 64
15 64
61 64
126 64
139 64
13 64
43 64
43 64
65 64
65 64
150 64
95 64
137 64
137 64
245 64
210 64
19 64
133 64
221 64
193 64
1 16
97 16
97 16
99 16
99 16
71 16
71 16
79 16
102 16
7 16
82 16
73 16
26 82
96 82
96 82
30 82
77 82
77 82
78 82
78 82
79 82
90 82
90 82
109 82
80 82
30 82
78 82
16 82
83 82
28 82
110 82
52 82
75 82
2 73
2 73
89 73
9 73
71 73
71 73
11 73
16 73
72 73
83 73
24 73
106 73
106 73
114 73
49 73
49 73
135 73
26 83
26 83
26 83
78 83
78 83
108 83
27 83
12 83
81 83
82 83
80 83
73 83
20 83
36 83
106 83
85 83
75 83
75 83
86 83
7 105
30 105
30 105
30 105
8 105
8 105
9 105
99 105
99 105
99 105
79 105
79 105
90 105
100 105
100 105
103 105
31 105
94 105
94 105
94 105
49 105
49 105
88 94
7 94
30 94
30 94
30 94
30 94
9 94
99 94
99 94
99 94
77 94
77 94
79 94
79 94
90 94
108 94
100 94
100 94
103 94
103 94
105 94
105 94
105 94
8 113
39 113
145 113
10 113
10 113
14 113
63 113
63 113
132 113
52 113
75 113
132 113
85 113
85 113
122 113
115 113
115 113
115 113
115 113
51 113
52 113
52 113
98 132
99 132
145 132
31 132
31 132
14 132
14 132
113 132
113 132
51 132
75 132
252 132
49 132
49 132
122 132
122 132
122 132
51 132
51 132
51 132
53 132
75 132
6 43
6 43
126 43
126 43
81 43
15 43
40 43
64 43
64 43
106 43
210 43
210 43
210 43
131 43
131 43
116 43
253 43
29 65
139 65
139 65
31 65
81 65
32 65
64 65
64 65
66 65
114 65
114 65
114 65
95 65
95 65
210 65
210 65
210 65
131 65
131 65
131 65
123 65
254 65
6 44
126 44
63 44
63 44
255 44
53 44
256 44
48 44
48 44
255 44
122 44
20 44
20 44
21 44
21 44
53 44
23 44
121 44
238 44
238 44
24 44
24 44
24 44
144 44
144 44
57 44
57 44
59 44
253 44
60 44
60 44
191 44
29 66
139 66
14 66
65 66
130 66
53 66
257 66
237 66
258 66
68 66
68 66
68 66
68 66
130 66
115 66
20 66
21 66
53 66
121 66
121 66
141 66
235 66
36 66
56 66
144 66
142 66
59 66
254 66
38 66
38 66
212 66
89 92
126 92
63 92
63 92
74 92
53 92
259 92
48 92
48 92
74 92
49 92
20 92
20 92
21 92
53 92
23 92
121 92
141 92
56 92
260 92
260 92
261 92
139 140
108 140
109 140
14 140
14 140
262 140
53 140
263 140
263 140
264 140
68 140
68 140
68 140
262 140
85 140
20 140
21 140
21 140
53 140
53 140
34 140
121 140
54 140
138 140
144 140
248 140
265 140
147 150
31 150
10 150
13 150
4 150
14 150
63 150
64 150
31 150
10 150
184 150
211 150
190 150
155 150
155 150
151 150
151 150
149 150
31 152
10 152
13 152
4 152
14 152
63 152
63 152
42 152
153 152
156 152
31 152
10 152
211 152
193 152
155 152
155 152
95 152
151 152
149 152
149 152
159 152
159 152
156 158
160 158
31 158
10 158
13 158
4 158
4 158
14 158
14 158
63 158
160 158
10 158
184 158
184 158
184 158
231 158
162 158
165 158
165 158
159 158
159 158
163 158
31 184
10 184
13 184
13 184
4 184
4 184
14 184
158 184
158 184
31 184
10 184
150 184
162 184
224 184
162 184
165 184
163 184
166 184
166 184
31 168
10 168
12 168
13 168
4 168
167 168
31 168
10 168
154 168
157 168
219 168
114 168
95 168
166 168
171 168
171 168
31 185
10 185
31 185
10 185
114 185
95 185
133 185
133 185
163 185
163 185
166 185
166 185
171 185
31 186
10 186
31 186
31 200
10 200
10 200
13 200
4 200
214 200
10 200
201 200
175 200
175 200
242 200
205 200
180 200
31 201
31 201
10 201
4 201
200 201
179 201
206 201
133 201
249 201
179 201
206 201
243 201
137 201
19 201
180 201
181 201
147 120
153 120
153 120
156 120
9 120
12 120
231 120
219 120
134 120
133 120
121 120
232 120
222 120
155 120
155 120
151 120
151 120
149 120
149 120
159 120
158 231
12 231
120 231
162 231
125 231
165 231
165 231
134 231
95 231
137 231
19 231
159 231
159 231
163 231
163 231
166 231
160 162
161 162
10 162
63 162
158 162
184 162
11 162
12 162
184 162
231 162
219 162
165 162
266 162
134 162
95 162
137 162
19 162
163 162
166 162
166 162
171 162
171 162
4 219
168 219
11 219
12 219
120 219
162 219
136 219
222 219
266 219
134 219
95 219
137 219
267 219
171 219
171 219
31 202
10 202
10 202
11 202
12 202
134 202
95 202
137 202
31 187
10 187
31 187
11 187
12 187
134 187
95 187
137 187
11 220
12 220
134 220
134 220
95 220
95 220
137 220
180 220
181 220
153 155
156 155
42 155
150 155
152 155
152 155
120 155
12 155
165 155
151 155
149 155
210 155
28 155
133 155
133 155
193 155
194 155
148 155
125 155
136 155
250 155
267 155
229 155
151 155
149 155
149 155
161 165
158 165
158 165
184 165
231 165
162 165
155 165
266 165
163 165
84 165
133 165
133 165
148 165
154 165
157 165
136 165
232 165
222 165
250 165
267 165
229 165
159 165
163 165
162 266
219 266
165 266
268 266
131 266
133 266
133 266
157 266
195 266
164 266
222 266
223 266
250 266
267 266
229 266
266 268
229 268
269 268
164 268
169 268
196 268
224 268
225 268
229 268
269 268
233 270
208 270
196 270
226 270
226 270
199 270
271 270
233 270
42 249
201 249
175 249
179 249
198 249
180 249
227 249
228 249
71 134
71 134
78 134
78 134
145 134
145 134
72 134
80 134
31 134
10 134
11 134
14 134
14 134
63 134
63 134
61 134
231 134
162 134
219 134
202 134
187 134
220 134
220 134
11 134
12 134
120 134
95 134
19 134
45 134
17 134
215 134
215 134
215 134
215 134
216 134
216 134
234 134
242 134
242 134
206 134
206 134
243 134
243 134
170 134
95 134
95 134
137 134
209 134
209 134
245 134
245 134
19 134
19 134
19 134
49 134
85 134
85 134
33 134
75 134
75 134
117 134
118 134
70 134
189 134
93 134
135 134
59 134
76 134
86 134
194 134
180 134
125 134
125 134
228 134
42 175
42 175
200 175
200 175
249 175
174 175
42 175
196 175
199 175
111 175
179 175
206 175
18 175
18 175
8 111
9 111
31 111
10 111
11 111
4 111
61 111
40 111
175 111
8 111
9 111
42 111
18 111
84 111
196 111
151 111
233 111
84 111
84 111
28 111
112 111
112 111
122 111
115 111
51 111
51 111
51 111
52 111
246 111
247 111
250 111
267 111
229 111
239 111
6 45
6 45
6 45
29 45
29 45
8 45
8 45
8 45
9 45
31 45
31 45
10 45
11 45
11 45
12 45
12 45
13 45
4 45
134 45
31 45
13 45
17 45
53 45
17 45
17 45
137 45
123 45
1 17
29 17
29 17
29 17
9 17
31 17
31 17
10 17
11 17
12 17
13 17
13 17
4 17
14 17
63 17
15 17
134 17
45 17
45 17
13 17
4 17
45 17
95 17
125 17
7 106
7 106
107 106
77 106
71 106
78 106
3 106
27 106
182 106
129 106
104 106
4 106
127 106
127 106
127 106
32 106
32 106
73 106
73 106
83 106
43 106
114 106
114 106
114 106
272 106
5 106
50 106
22 106
75 106
211 106
239 106
239 106
8 114
9 114
107 114
99 114
71 114
78 114
161 114
3 114
27 114
182 114
129 114
12 114
4 114
127 114
127 114
128 114
32 114
32 114
42 114
42 114
73 114
65 114
65 114
65 114
168 114
185 114
106 114
106 114
106 114
170 114
131 114
131 114
131 114
131 114
28 114
28 114
110 114
110 114
110 114
36 114
189 114
190 114
195 114
267 114
267 114
229 114
229 114
163 114
44 256
257 256
46 256
48 256
236 256
46 256
183 256
19 256
19 256
53 256
23 256
138 256
238 256
253 256
191 256
66 257
256 257
237 257
68 257
236 257
237 257
258 257
68 257
19 257
34 257
235 257
254 257
6 46
63 46
256 46
256 46
259 46
259 46
47 46
141 46
55 46
69 46
238 46
235 46
273 46
60 46
14 237
63 237
66 237
257 237
257 237
263 237
263 237
67 237
85 237
141 237
138 237
55 237
55 237
69 237
238 237
235 237
274 237
56 237
265 237
38 237
87 237
92 259
46 259
46 259
263 259
275 259
252 259
48 259
74 259
74 259
19 259
23 259
141 259
213 259
213 259
140 263
140 263
237 263
237 263
259 263
67 263
264 263
264 263
68 263
262 263
19 263
34 263
34 263
138 263
273 263
192 263
72 183
256 183
255 183
122 183
23 183
274 183
273 183
253 183
253 183
66 258
257 258
21 258
34 258
275 258
274 258
273 258
236 258
254 258
6 47
6 47
6 47
14 47
46 47
24 47
252 47
255 47
255 47
74 47
74 47
20 47
53 47
53 47
55 47
55 47
69 47
273 47
236 47
146 47
29 67
29 67
237 67
263 67
36 67
87 67
68 67
68 67
68 67
130 67
262 67
262 67
53 67
53 67
55 67
55 67
274 67
236 67
38 67
38 67
132 252
259 252
47 252
74 252
74 252
49 252
53 252
23 252
274 252
274 252
273 252
236 252
261 252
140 264
263 264
263 264
262 264
262 264
85 264
53 264
53 264
34 264
34 264
274 264
273 264
236 264
265 264
87 264
31 188
31 188
10 188
10 188
10 188
13 188
13 188
4 188
4 188
32 188
31 188
272 188
19 188
204 188
206 188
210 188
244 188
180 188
31 203
10 203
10 203
13 203
4 203
15 203
170 203
19 203
243 203
207 203
207 203
137 203
137 203
19 203
244 203
6 48
6 48
63 48
63 48
44 48
44 48
92 48
92 48
259 48
256 48
68 48
51 48
122 48
141 48
55 48
238 48
274 48
117 48
124 48
124 48
119 48
119 48
25 48
191 48
29 68
88 68
14 68
14 68
66 68
66 68
66 68
66 68
140 68
140 68
140 68
257 68
263 68
67 68
67 68
67 68
257 68
48 68
52 68
115 68
115 68
121 68
138 68
55 68
55 68
235 68
273 68
118 68
119 68
37 68
25 68
239 68
44 255
183 255
47 255
47 255
44 255
122 255
51 255
238 255
60 255
21 255
53 255
53 255
23 255
34 255
138 255
138 255
221 255
107 130
66 130
67 130
66 130
115 130
52 130
53 130
235 130
38 130
20 130
21 130
53 130
23 130
34 130
141 130
141 130
144 130
276 130
2 74
89 74
92 74
259 74
259 74
47 74
47 74
252 74
252 74
89 74
92 74
122 74
51 74
141 74
60 74
20 74
53 74
53 74
23 74
235 74
235 74
277 74
140 262
263 262
67 262
67 262
264 262
264 262
140 262
115 262
52 262
138 262
38 262
21 262
53 262
53 262
34 262
238 262
273 262
58 262
87 262
178 179
178 179
201 179
249 179
175 179
201 179
131 179
181 179
178 177
178 177
133 177
181 177
10 215
61 215
61 215
61 215
61 215
134 215
134 215
134 215
134 215
216 215
137 215
245 215
216 215
170 215
137 215
245 215
245 215
245 215
19 215
19 215
196 215
218 215
10 216
127 216
61 216
61 216
134 216
134 216
215 216
215 216
245 216
169 216
271 216
170 216
95 216
137 216
245 216
245 216
19 216
4 234
127 234
214 234
214 234
214 234
81 234
91 234
134 234
242 234
242 234
242 234
242 234
204 234
205 234
5 234
214 242
214 242
91 242
200 242
134 242
134 242
234 242
234 242
234 242
234 242
204 242
18 242
205 242
5 242
31 204
10 204
13 204
188 204
234 204
242 204
205 204
205 204
205 204
95 204
180 204
31 205
10 205
13 205
4 205
127 205
200 205
234 205
242 205
204 205
204 205
81 205
204 205
95 205
137 205
180 205
31 206
201 206
134 206
134 206
175 206
188 206
201 206
243 206
272 206
180 206
243 206
95 206
180 206
91 243
201 243
134 243
134 243
203 243
206 243
206 243
137 243
180 243
137 243
180 243
106 272
188 272
206 272
95 272
167 170
31 170
31 170
10 170
13 170
4 170
32 170
134 170
114 170
215 170
216 170
203 170
137 170
19 170
95 170
116 278
76 278
76 278
76 278
117 279
86 279
86 279
31 207
31 207
10 207
10 207
13 207
4 207
4 207
214 207
203 207
203 207
18 207
210 207
210 207
131 207
88 95
88 95
126 95
126 95
147 95
31 95
31 95
31 95
31 95
10 95
10 95
10 95
11 95
12 95
12 95
13 95
13 95
4 95
14 95
63 95
214 95
32 95
32 95
32 95
15 95
15 95
64 95
65 95
65 95
152 95
168 95
185 95
231 95
162 95
162 95
219 95
219 95
202 95
187 95
220 95
220 95
134 95
134 95
17 95
216 95
204 95
205 95
206 95
170 95
31 95
32 95
15 95
134 95
272 95
137 95
199 95
227 95
137 95
137 95
137 95
208 95
209 95
209 95
245 95
210 95
131 95
84 95
133 95
133 95
110 95
121 95
221 95
180 95
232 95
222 95
223 95
224 95
226 95
227 95
228 95
181 95
126 137
126 137
139 137
145 137
145 137
153 137
31 137
31 137
31 137
31 137
10 137
10 137
11 137
11 137
12 137
13 137
4 137
14 137
14 137
63 137
32 137
15 137
15 137
42 137
64 137
64 137
201 137
231 137
162 137
162 137
219 137
202 137
187 137
220 137
134 137
45 137
203 137
203 137
215 137
216 137
205 137
243 137
95 137
95 137
95 137
31 137
10 137
32 137
215 137
243 137
170 137
95 137
244 137
217 137
169 137
208 137
208 137
209 137
196 137
18 137
18 137
84 137
84 137
19 137
19 137
217 137
217 137
133 137
133 137
110 137
276 137
180 137
222 137
222 137
224 137
224 137
225 137
226 137
227 137
228 137
267 137
181 137
31 208
10 208
270 208
95 208
137 208
137 208
209 208
233 208
31 209
10 209
134 209
134 209
95 209
95 209
137 209
208 209
196 209
61 245
61 245
61 245
64 245
134 245
134 245
215 245
215 245
215 245
216 245
216 245
95 245
42 245
215 245
216 245
19 245
31 210
12 210
13 210
4 210
14 210
127 210
128 210
214 210
91 210
32 210
15 210
15 210
42 210
64 210
43 210
43 210
43 210
65 210
65 210
65 210
155 210
188 210
207 210
207 210
95 210
12 210
131 210
131 210
28 210
112 210
244 210
50 210
107 131
31 131
31 131
11 131
11 131
12 131
4 131
14 131
14 131
214 131
214 131
32 131
32 131
15 131
42 131
43 131
43 131
65 131
65 131
65 131
266 131
114 131
114 131
114 131
179 131
207 131
95 131
210 131
210 131
114 131
112 131
244 131
198 131
267 131
267 131
229 131
229 131
171 131
280 131
251 131
1 18
145 18
145 18
31 18
31 18
10 18
10 18
11 18
11 18
12 18
4 18
63 18
91 18
91 18
175 18
175 18
137 18
137 18
145 18
31 18
61 18
40 18
111 18
242 18
207 18
84 18
112 18
159 18
181 18
50 18
51 18
75 18
26 84
26 84
145 84
27 84
27 84
31 84
10 84
11 84
12 84
214 84
81 84
81 84
42 84
42 84
42 84
165 84
111 84
111 84
95 84
137 84
137 84
145 84
61 84
111 84
18 84
163 84
166 84
28 84
85 84
110 84
52 84
33 84
36 84
229 84
7 5
7 5
101 5
182 5
182 5
182 5
104 5
127 5
128 5
81 5
40 5
106 5
234 5
242 5
1 5
104 5
28 5
24 5
30 28
30 28
90 28
129 28
129 28
109 28
11 28
127 28
128 28
214 28
81 28
15 28
42 28
82 28
155 28
111 28
114 28
114 28
84 28
0 28
109 28
127 28
210 28
5 28
112 28
110 28
267 28
229 28
151 28
1 19
29 19
167 19
11 19
12 19
32 19
32 19
15 19
61 19
64 19
201 19
231 19
162 19
134 19
134 19
134 19
256 19
256 19
257 19
259 19
263 19
203 19
215 19
215 19
216 19
137 19
137 19
245 19
126 19
134 19
188 19
203 19
170 19
23 19
34 19
189 19
37 19
253 19
8 112
9 112
14 112
214 112
61 112
61 112
40 112
42 112
111 112
111 112
210 112
131 112
28 112
8 112
9 112
61 112
18 112
122 112
244 112
115 112
217 112
51 112
52 112
53 112
236 112
246 112
246 112
247 112
247 112
59 112
196 112
227 112
250 112
267 112
239 112
32 244
42 244
188 244
203 244
210 244
131 244
112 244
217 244
137 244
180 244
10 217
4 217
137 217
137 217
112 217
244 217
137 217
180 217
6 49
2 49
2 49
9 49
99 49
99 49
71 49
71 49
145 49
145 49
3 49
72 49
73 49
73 49
105 49
105 49
132 49
132 49
92 49
134 49
252 49
85 49
85 49
122 49
122 49
53 49
53 49
75 49
75 49
54 49
54 49
35 49
35 49
35 49
141 49
141 49
138 49
55 49
55 49
55 49
69 49
69 49
69 49
238 49
238 49
235 49
235 49
142 49
124 49
124 49
124 49
119 49
119 49
119 49
37 49
37 49
37 49
25 49
25 49
25 49
146 49
146 49
213 49
26 85
26 85
77 85
78 85
78 85
145 85
145 85
79 85
27 85
80 85
80 85
83 85
113 85
113 85
140 85
134 85
134 85
237 85
264 85
84 85
49 85
49 85
115 85
53 85
75 85
54 85
54 85
35 85
35 85
141 85
141 85
138 85
138 85
55 85
55 85
55 85
69 85
69 85
69 85
69 85
238 85
235 85
235 85
117 85
142 85
57 85
260 85
124 85
124 85
124 85
124 85
119 85
119 85
119 85
37 85
37 85
37 85
25 85
25 85
25 85
87 85
192 85
9 122
9 122
39 122
98 122
99 122
100 122
72 122
72 122
72 122
31 122
31 122
12 122
4 122
14 122
14 122
63 122
63 122
113 122
132 122
132 122
132 122
44 122
111 122
183 122
48 122
49 122
49 122
11 122
12 122
255 122
74 122
112 122
122 122
115 122
51 122
142 122
260 122
277 122
221 122
276 122
135 122
124 122
25 122
51 122
53 122
22 122
121 122
275 122
25 122
191 122
213 122
8 115
8 115
8 115
8 115
39 115
77 115
78 115
80 115
80 115
10 115
14 115
14 115
63 115
63 115
113 115
113 115
113 115
113 115
66 115
111 115
68 115
68 115
85 115
11 115
12 115
130 115
262 115
112 115
122 115
115 115
52 115
57 115
248 115
58 115
276 115
59 115
124 115
119 115
37 115
52 115
52 115
53 115
53 115
33 115
121 115
275 115
124 115
212 115
192 115
1 20
1 20
0 20
0 20
88 20
31 20
10 20
40 20
44 20
44 20
66 20
92 20
92 20
140 20
47 20
130 20
74 20
3 20
61 20
40 20
83 20
22 20
33 20
33 20
35 20
247 20
135 20
124 20
119 20
25 20
146 20
1 21
0 21
88 21
31 21
10 21
44 21
44 21
66 21
92 21
140 21
140 21
258 21
255 21
130 21
262 21
27 21
61 21
123 21
93 21
59 21
124 21
119 21
37 21
25 21
60 21
38 21
98 133
153 133
64 133
185 133
155 133
155 133
165 133
165 133
266 133
95 133
95 133
137 133
137 133
41 133
11 133
12 133
201 133
120 133
177 133
24 133
166 133
181 133
6 50
7 50
8 50
101 50
126 50
11 50
12 50
91 50
15 50
106 50
210 50
18 50
214 50
151 50
22 50
30 110
107 110
27 110
109 110
11 110
12 110
12 110
127 110
81 110
32 110
32 110
15 110
82 110
114 110
114 110
114 110
95 110
137 110
84 110
28 110
214 110
33 110
34 110
6 51
6 51
29 51
29 51
2 51
71 51
78 51
143 51
10 51
14 51
14 51
63 51
91 51
40 51
113 51
132 51
132 51
132 51
111 51
111 51
111 51
18 51
112 51
122 51
9 51
145 51
61 51
132 51
48 51
255 51
74 51
122 51
52 51
274 51
191 51
213 51
136 51
151 51
75 51
75 51
246 51
144 51
146 51
146 51
6 52
6 52
29 52
26 52
26 52
8 52
62 52
63 52
61 52
40 52
82 52
113 52
113 52
111 52
84 52
112 52
115 52
115 52
8 52
145 52
40 52
113 52
68 52
130 52
262 52
115 52
51 52
212 52
192 52
75 52
246 52
56 52
87 52
6 53
29 53
26 53
71 53
78 53
80 53
132 53
44 53
66 53
92 53
140 53
140 53
256 53
47 53
47 53
67 53
67 53
252 53
264 53
264 53
255 53
255 53
130 53
74 53
74 53
262 53
262 53
112 53
49 53
49 53
85 53
122 53
115 53
115 53
44 53
66 53
92 53
140 53
45 53
130 53
23 53
23 53
34 53
34 53
273 53
236 53
213 53
192 53
1 22
8 22
9 22
9 22
71 22
3 22
31 22
11 22
12 22
61 22
40 22
106 22
122 22
20 22
50 22
9 22
99 22
10 22
14 22
63 22
121 22
121 22
55 22
69 22
247 22
116 22
116 22
117 22
117 22
117 22
118 22
118 22
70 22
70 22
119 22
119 22
37 22
125 22
0 33
0 33
8 33
8 33
8 33
9 33
78 33
78 33
31 33
11 33
12 33
12 33
81 33
32 33
61 33
61 33
40 33
134 33
84 33
115 33
20 33
20 33
110 33
8 33
77 33
31 33
10 33
14 33
63 33
121 33
121 33
121 33
121 33
55 33
55 33
69 33
69 33
246 33
247 33
116 33
116 33
117 33
117 33
118 33
118 33
118 33
70 33
70 33
124 33
119 33
1 23
89 23
3 23
44 23
92 23
256 23
259 23
183 23
252 23
255 23
130 23
74 23
19 23
53 23
53 23
275 23
253 23
261 23
0 34
140 34
257 34
263 34
263 34
258 34
264 34
264 34
255 34
130 34
262 34
19 34
110 34
53 34
53 34
275 34
254 34
265 34
87 34
2 75
26 75
96 75
71 75
71 75
78 75
78 75
72 75
81 75
91 75
91 75
82 75
83 75
83 75
132 75
134 75
134 75
106 75
18 75
49 75
49 75
85 75
51 75
51 75
52 75
113 75
132 75
36 75
146 75
87 75
87 75
14 121
63 121
32 121
61 121
40 121
42 121
44 121
66 121
66 121
92 121
140 121
68 121
95 121
122 121
115 121
22 121
33 121
33 121
33 121
9 121
32 121
120 121
22 121
33 121
124 121
119 121
37 121
141 121
55 121
69 121
69 121
69 121
123 121
123 121
119 121
25 121
213 121
192 121
6 54
140 54
49 54
49 54
85 54
85 54
8 54
35 54
93 54
37 54
55 54
117 54
248 54
119 54
37 54
0 35
6 35
49 35
49 35
49 35
85 35
85 35
20 35
9 35
54 35
93 35
141 35
25 35
69 35
235 35
236 35
116 35
260 35
124 35
25 35
25 35
139 141
66 141
92 141
46 141
237 141
259 141
48 141
130 141
130 141
49 141
49 141
85 141
85 141
121 141
35 141
74 141
55 141
238 141
124 141
69 141
235 141
235 141
235 141
25 141
25 141
212 141
213 141
126 138
140 138
256 138
237 138
263 138
68 138
255 138
255 138
49 138
85 138
85 138
262 138
235 138
117 138
55 138
119 138
238 138
238 138
238 138
37 138
60 138
191 138
191 138
191 138
192 138
6 55
6 55
46 55
237 55
237 55
47 55
47 55
67 55
67 55
48 55
68 55
68 55
49 55
49 55
49 55
85 55
85 55
85 55
22 55
33 55
33 55
121 55
54 55
138 55
69 55
69 55
141 55
238 55
273 55
246 55
247 55
24 55
36 55
38 55
29 69
41 69
61 69
40 69
46 69
237 69
47 69
49 69
49 69
49 69
85 69
85 69
85 69
85 69
22 69
33 69
33 69
121 69
121 69
121 69
35 69
141 69
55 69
55 69
235 69
246 69
24 69
24 69
36 69
56 69
38 69
87 69
44 238
44 238
256 238
46 238
237 238
48 238
262 238
49 238
49 238
85 238
138 238
138 238
138 238
63 238
255 238
141 238
55 238
235 238
118 238
37 238
24 238
265 238
191 238
191 238
192 238
192 238
66 235
257 235
46 235
237 235
68 235
74 235
74 235
49 235
49 235
85 235
85 235
35 235
141 235
141 235
141 235
14 235
63 235
130 235
138 235
69 235
238 235
70 235
25 235
36 235
58 235
276 235
254 235
212 235
212 235
213 235
258 275
122 275
115 275
259 275
23 275
34 275
236 275
135 275
59 275
254 275
237 274
183 274
258 274
67 274
252 274
252 274
264 274
48 274
51 274
236 274
253 274
261 274
46 273
263 273
183 273
258 273
47 273
252 273
264 273
68 273
262 273
53 273
55 273
236 273
144 273
254 273
261 273
265 273
258 236
47 236
67 236
252 236
264 236
112 236
53 236
35 236
14 236
63 236
256 236
257 236
275 236
274 236
273 236
76 236
76 236
86 236
119 236
261 236
265 236
61 246
40 246
40 246
111 246
112 246
112 246
51 246
52 246
33 246
55 246
69 246
38 246
36 246
117 246
123 246
125 246
61 247
61 247
40 247
111 247
112 247
112 247
20 247
22 247
33 247
55 247
118 247
1 24
6 24
7 24
9 24
126 24
126 24
143 24
3 24
31 24
12 24
14 24
44 24
44 24
44 24
5 24
133 24
55 24
69 24
69 24
238 24
89 24
3 24
104 24
73 24
47 24
56 24
146 24
144 24
144 24
117 24
260 24
221 24
276 24
76 24
76 24
146 24
146 24
0 36
107 36
107 36
107 36
62 36
27 36
27 36
10 36
12 36
13 36
63 36
32 36
66 36
114 36
84 36
75 36
55 36
69 36
235 36
246 36
27 36
109 36
83 36
67 36
144 36
87 36
116 36
87 36
87 36
6 56
66 56
92 56
237 56
52 56
69 56
24 56
276 56
93 56
62 144
44 144
44 144
66 144
140 144
130 144
51 144
273 144
24 144
24 144
36 144
93 144
8 116
8 116
9 116
31 116
40 116
43 116
278 116
22 116
22 116
33 116
33 116
35 116
36 116
135 116
76 116
125 116
125 116
8 117
9 117
10 117
61 117
134 117
48 117
279 117
85 117
22 117
22 117
22 117
33 117
33 117
54 117
246 117
24 117
138 117
86 117
125 117
125 117
8 118
143 118
143 118
31 118
31 118
134 118
68 118
22 118
22 118
33 118
33 118
33 118
247 118
238 118
86 118
59 118
119 118
29 70
62 70
10 70
10 70
134 70
22 70
22 70
33 70
33 70
235 70
76 70
135 70
135 70
124 70
10 189
13 189
13 189
4 189
14 189
63 189
42 189
42 189
134 189
114 189
19 189
31 189
194 189
148 189
154 189
194 189
125 189
10 211
10 211
13 211
4 211
14 211
63 211
15 211
42 211
106 211
10 211
150 211
152 211
13 190
4 190
14 190
63 190
42 190
114 190
31 190
10 190
150 190
9 123
126 123
126 123
31 123
31 123
10 123
14 123
65 123
45 123
21 123
121 123
121 123
246 123
93 123
89 93
8 93
31 93
11 93
11 93
12 93
134 93
21 93
56 93
144 93
31 93
11 93
54 93
35 93
123 93
221 93
139 142
66 142
49 142
85 142
122 142
6 57
44 57
44 57
85 57
115 57
92 260
92 260
85 260
35 260
24 260
122 260
60 260
61 248
140 248
54 248
115 248
38 248
87 248
74 277
122 277
221 277
6 58
262 58
235 58
101 58
115 58
276 58
192 58
64 221
255 221
95 221
24 221
11 221
12 221
122 221
93 221
277 221
192 221
130 276
137 276
235 276
24 276
122 276
115 276
56 276
58 276
213 276
71 135
71 135
62 135
10 135
91 135
40 135
73 135
134 135
20 135
275 135
70 135
70 135
61 135
40 135
122 135
116 135
38 135
6 59
26 59
78 59
143 59
31 59
81 59
44 59
66 59
134 59
112 59
21 59
275 59
118 59
143 59
61 59
40 59
115 59
60 59
2 76
101 76
71 76
91 76
134 76
278 76
278 76
278 76
236 76
236 76
24 76
24 76
116 76
70 76
26 86
78 86
81 86
83 86
134 86
279 86
279 86
236 86
117 86
61 86
40 86
118 86
9 124
9 124
40 124
48 124
48 124
49 124
49 124
49 124
85 124
85 124
85 124
85 124
115 124
20 124
21 124
33 124
35 124
70 124
122 124
115 124
121 124
141 124
25 124
25 124
191 124
212 124
212 124
8 119
78 119
62 119
61 119
40 119
48 119
48 119
68 119
49 119
49 119
49 119
85 119
85 119
85 119
20 119
21 119
22 119
22 119
33 119
121 119
54 119
236 119
118 119
115 119
121 119
138 119
151 119
37 119
191 119
191 119
0 37
9 37
143 37
62 37
68 37
19 37
49 37
49 37
49 37
85 37
85 37
85 37
21 37
22 37
54 37
138 37
119 37
115 37
121 37
54 37
238 37
25 37
192 37
1 25
48 25
68 25
49 25
49 25
49 25
85 25
85 25
85 25
122 25
20 25
21 25
121 25
35 25
35 25
141 25
141 25
124 25
124 25
122 25
35 25
235 25
37 25
125 25
213 25
213 25
43 253
44 253
256 253
183 253
183 253
19 253
23 253
274 253
65 254
66 254
257 254
258 254
34 254
235 254
275 254
273 254
212 254
92 261
252 261
23 261
274 261
273 261
236 261
140 265
237 265
264 265
34 265
238 265
273 265
236 265
6 60
11 60
44 60
44 60
46 60
21 60
138 60
260 60
59 60
255 60
74 60
146 60
146 60
239 60
0 38
12 38
66 38
66 38
237 38
67 38
67 38
21 38
55 38
69 38
248 38
135 38
130 38
262 38
246 38
87 38
87 38
145 146
3 146
72 146
72 146
11 146
14 146
14 146
15 146
47 146
49 146
49 146
20 146
51 146
51 146
75 146
24 146
24 146
60 146
60 146
24 146
26 87
80 87
80 87
80 87
11 87
12 87
63 87
237 87
264 87
262 87
85 87
52 87
34 87
75 87
75 87
69 87
36 87
36 87
248 87
38 87
38 87
67 87
36 87
63 191
44 191
256 191
48 191
122 191
138 191
138 191
138 191
238 191
238 191
124 191
119 191
119 191
31 191
51 191
14 212
63 212
66 212
115 212
141 212
235 212
235 212
124 212
124 212
254 212
10 212
52 212
12 213
63 213
259 213
259 213
49 213
122 213
53 213
121 213
141 213
235 213
276 213
25 213
25 213
10 213
51 213
31 192
14 192
263 192
85 192
115 192
53 192
121 192
138 192
238 192
238 192
58 192
221 192
37 192
31 192
52 192
14 193
63 193
64 193
155 193
31 193
152 193
125 193
151 193
151 193
31 194
31 194
10 194
11 194
4 194
63 194
155 194
134 194
189 194
31 194
189 194
151 194
149 194
148 194
148 194
125 194
136 194
151 194
149 194
149 194
31 148
10 148
4 148
14 148
14 148
63 148
155 148
155 148
165 148
194 148
147 148
31 148
10 148
189 148
154 148
125 148
149 148
159 148
159 148
31 154
10 154
12 154
13 154
63 154
165 154
148 154
153 154
31 154
10 154
168 154
189 154
232 154
232 154
232 154
163 154
31 157
10 157
13 157
13 157
63 157
165 157
266 157
266 157
156 157
31 157
10 157
168 157
166 157
166 157
31 195
10 195
4 195
266 195
266 195
114 195
31 195
10 195
223 195
166 195
171 195
171 195
11 164
266 164
268 164
161 164
31 164
10 164
232 164
280 164
31 169
10 169
10 169
268 169
268 169
167 169
31 169
10 169
12 169
216 169
137 169
169 169
226 169
199 169
269 169
196 169
224 169
224 169
226 169
280 169
269 169
269 169
269 169
31 196
10 196
10 196
12 196
268 196
270 196
215 196
209 196
112 196
169 196
31 196
12 196
175 196
111 196
137 196
226 196
199 196
280 196
226 196
226 196
226 196
271 196
271 196
31 197
10 197
11 197
31 197
10 197
31 198
10 198
4 198
214 198
249 198
131 198
31 198
10 198
180 198
227 198
218 198
251 198
251 198
251 198
178 180
31 180
200 180
201 180
201 180
220 180
249 180
134 180
188 180
204 180
205 180
206 180
243 180
95 180
137 180
244 180
217 180
198 180
10 180
206 180
243 180
228 180
228 180
251 180
251 180
181 180
181 180
181 180
9 125
9 125
127 125
127 125
155 125
134 125
134 125
17 125
17 125
22 125
246 125
116 125
116 125
117 125
117 125
189 125
193 125
194 125
148 125
11 125
61 125
231 125
25 125
136 125
151 125
149 125
71 136
11 136
155 136
155 136
165 136
194 136
11 136
12 136
219 136
51 136
125 136
232 136
223 136
225 136
267 136
149 136
149 136
159 136
159 136
165 232
165 232
95 232
154 232
154 232
12 232
120 232
164 232
136 232
165 222
165 222
266 222
266 222
95 222
137 222
11 222
12 222
120 222
219 222
223 222
166 222
266 223
266 223
95 223
195 223
11 223
136 223
222 223
224 223
171 223
171 223
171 223
268 224
95 224
137 224
169 224
169 224
11 224
12 224
184 224
223 224
225 224
171 224
280 224
268 225
137 225
224 225
11 225
12 225
136 225
270 226
270 226
270 226
95 226
137 226
169 226
196 226
196 226
196 226
11 226
12 226
169 226
196 226
199 226
199 226
199 226
199 226
271 226
271 226
233 226
270 199
270 199
226 199
226 199
31 199
10 199
11 199
12 199
175 199
95 199
169 199
196 199
226 199
233 199
233 199
233 199
249 227
95 227
137 227
112 227
198 227
11 227
12 227
61 227
95 227
218 227
218 227
251 227
251 227
249 228
249 228
134 228
95 228
137 228
180 228
11 228
12 228
180 228
251 228
42 250
155 250
155 250
165 250
165 250
266 250
266 250
111 250
112 250
267 250
229 250
267 250
267 250
151 250
229 250
229 250
230 250
151 250
151 250
149 250
159 250
163 250
166 250
166 250
171 250
219 267
155 267
155 267
165 267
266 267
266 267
111 267
114 267
114 267
137 267
131 267
131 267
28 267
112 267
136 267
250 267
250 267
250 267
229 267
229 267
229 267
151 267
149 267
149 267
163 267
163 267
166 267
171 267
11 229
42 229
155 229
155 229
165 229
266 229
266 229
268 229
268 229
111 229
114 229
114 229
131 229
131 229
84 229
28 229
250 229
250 229
267 229
267 229
268 229
250 229
267 229
230 229
239 229
230 229
239 229
151 229
149 229
159 229
163 229
166 229
166 229
171 229
171 229
280 229
11 230
91 230
250 230
229 230
229 230
128 230
229 230
239 230
239 230
239 230
127 239
128 239
111 239
106 239
106 239
68 239
112 239
60 239
229 239
230 239
230 239
229 239
230 239
147 151
81 151
150 151
152 151
120 151
155 151
28 151
193 151
193 151
194 151
125 151
250 151
267 151
229 151
155 151
111 151
50 151
51 151
119 151
194 151
250 151
149 151
153 149
156 149
14 149
150 149
152 149
120 149
155 149
155 149
194 149
194 149
148 149
125 149
136 149
136 149
250 149
267 149
229 149
147 149
155 149
194 149
151 149
159 149
156 159
12 159
14 159
152 159
158 159
120 159
231 159
165 159
148 159
148 159
136 159
136 159
250 159
229 159
18 159
149 159
163 159
160 163
158 163
184 163
185 163
231 163
162 163
165 163
114 163
154 163
250 163
267 163
229 163
165 163
84 163
159 163
166 163
161 166
10 166
184 166
168 166
185 166
231 166
162 166
133 166
133 166
157 166
157 166
157 166
195 166
222 166
250 166
267 166
229 166
84 166
163 166
171 166
167 171
31 171
168 171
185 171
162 171
219 171
131 171
195 171
195 171
223 171
223 171
224 171
250 171
267 171
229 171
166 171
280 171
131 280
164 280
169 280
224 280
229 280
196 280
171 280
268 269
169 269
169 269
169 269
268 269
169 269
270 271
196 271
226 271
216 271
233 271
270 233
208 233
226 233
199 233
199 233
12 233
270 233
111 233
271 233
10 218
128 218
215 218
198 218
227 218
227 218
42 251
131 251
198 251
198 251
180 251
180 251
227 251
227 251
228 251
178 181
10 181
10 181
201 181
220 181
179 181
177 181
177 181
95 181
137 181
133 181
180 181
180 181
18 181
153 281
156 281
160 281
161 281
167 281
174 281
178 281
127 281
128 281
40 281
40 281
42 281
150 281
152 281
158 281
184 281
168 281
185 281
250 281
229 281
147 281
201 281
120 281
231 281
162 281
219 281
155 281
165 281
266 281
270 281
249 281
175 281
175 281
106 281
114 281
114 281
256 281
256 281
257 281
257 281
46 281
46 281
237 281
237 281
259 281
259 281
263 281
263 281
179 281
177 281
278 281
210 281
210 281
131 281
131 281
133 281
133 281
22 281
22 281
33 281
33 281
54 281
35 281
35 281
141 281
141 281
138 281
55 281
55 281
69 281
69 281
238 281
238 281
235 281
235 281
275 281
274 281
273 281
236 281
246 281
246 281
24 281
24 281
36 281
56 281
56 281
144 281
144 281
135 281
135 281
59 281
59 281
76 281
76 281
86 281
86 281
124 281
124 281
119 281
37 281
25 281
25 281
253 281
253 281
254 281
254 281
261 281
261 281
265 281
265 281
193 281
194 281
148 281
154 281
157 281
195 281
164 281
169 281
196 281
198 281
180 281
125 281
136 281
232 281
222 281
223 281
224 281
225 281
226 281
199 281
227 281
228 281
250 281
267 281
267 281
229 281
230 281
230 281
239 281
282 281
151 281
149 281
159 281
163 281
166 281
171 281
280 281
269 281
271 281
233 281
218 281
251 281
181 281
