0 1 1
2 1 1
3 1 1
4 1 2
5 1 1
6 1 1
2 1 1
7 1 1
8 1 1
9 1 2
3 1 1
10 1 2
11 1 4
12 1 2
12 1 5
13 1 1
14 1 1
15 1 5
16 1 1
17 1 1
18 1 1
19 1 1
20 1 1
20 1 1
21 1 1
22 1 3
23 1 1
24 1 1
25 1 2
1 0 1
26 0 1
27 0 1
13 0 2
28 0 1
29 0 1
26 0 1
30 0 1
8 0 1
9 0 1
27 0 2
31 0 1
11 0 1
11 0 1
12 0 5
14 0 1
32 0 1
32 0 2
20 0 1
20 0 1
21 0 1
33 0 5
33 0 1
34 0 1
35 0 1
36 0 1
37 0 2
38 0 1
1 6 1
39 6 1
40 6 1
29 6 1
29 6 2
41 6 1
31 6 2
10 6 3
14 6 1
42 6 1
43 6 1
43 6 3
44 6 1
45 6 1
45 6 1
45 6 2
46 6 1
47 6 1
47 6 1
47 6 2
48 6 1
48 6 1
49 6 1
50 6 1
51 6 2
51 6 3
52 6 3
52 6 3
53 6 2
54 6 1
35 6 1
55 6 2
55 6 2
24 6 1
56 6 1
57 6 1
58 6 1
59 6 1
60 6 1
0 29 1
6 29 2
6 29 1
61 29 1
41 29 1
62 29 1
31 29 1
31 29 4
10 29 1
10 29 1
4 29 2
63 29 1
15 29 1
61 29 1
61 29 1
40 29 1
64 29 1
64 29 1
65 29 1
66 29 1
45 29 1
45 29 2
17 29 1
17 29 1
17 29 1
67 29 1
67 29 1
68 29 2
19 29 1
51 29 4
51 29 3
52 29 4
53 29 1
69 29 2
70 29 1
1 2 1
1 2 1
71 2 5
71 2 7
3 2 3
72 2 1
72 2 4
73 2 1
73 2 8
74 2 1
49 2 3
49 2 12
51 2 1
75 2 2
76 2 2
0 26 1
0 26 1
30 26 1
77 26 1
77 26 1
78 26 3
78 26 5
79 26 1
27 26 1
27 26 2
80 26 4
81 26 3
82 26 3
83 26 1
83 26 1
83 26 3
84 26 1
84 26 1
85 26 1
85 26 15
52 26 1
52 26 2
53 26 1
75 26 3
59 26 1
86 26 2
87 26 1
88 89 1
4 89 1
74 89 1
24 89 1
7 89 2
7 89 4
8 89 2
8 89 5
9 89 1
41 89 2
90 89 1
90 89 2
3 89 2
31 89 2
10 89 3
11 89 2
11 89 2
13 89 1
4 89 4
91 89 1
32 89 1
15 89 3
73 89 2
92 89 1
74 89 1
23 89 1
93 89 1
89 88 1
30 88 2
30 88 8
30 88 2
9 88 10
90 88 1
27 88 1
27 88 2
10 88 2
11 88 1
12 88 2
13 88 1
13 88 4
4 88 2
91 88 2
15 88 1
15 88 1
94 88 3
68 88 1
95 88 1
95 88 1
20 88 1
21 88 1
96 97 1
8 97 1
98 97 1
98 97 3
98 97 1
99 97 7
90 97 1
90 97 1
16 97 1
16 97 4
97 96 1
9 96 1
39 96 2
39 96 3
98 96 1
77 96 12
77 96 1
90 96 1
90 96 2
82 96 1
82 96 6
75 96 1
1 7 1
89 7 2
89 7 4
30 7 1
100 7 2
16 7 1
8 7 3
8 7 7
101 7 2
101 7 1
101 7 4
98 7 2
71 7 1
71 7 3
79 7 3
90 7 1
90 7 2
90 7 1
90 7 1
102 7 1
102 7 6
102 7 3
3 7 1
3 7 5
3 7 2
103 7 1
104 7 2
104 7 1
104 7 7
104 7 4
105 7 2
94 7 1
106 7 1
106 7 1
5 7 3
5 7 3
50 7 1
24 7 1
0 30 1
88 30 2
88 30 2
88 30 8
26 30 1
7 30 1
103 30 2
82 30 1
9 30 6
9 30 8
107 30 5
78 30 1
78 30 1
90 30 1
90 30 1
90 30 2
108 30 1
108 30 1
108 30 8
108 30 2
27 30 6
27 30 4
103 30 1
103 30 2
109 30 8
109 30 3
82 30 1
105 30 1
105 30 3
105 30 1
94 30 1
94 30 2
94 30 1
94 30 1
28 30 3
28 30 4
110 30 2
1 8 1
0 8 1
89 8 2
89 8 5
7 8 3
7 8 7
97 8 1
111 8 1
112 8 1
52 8 3
33 8 1
54 8 1
98 8 2
99 8 1
71 8 2
71 8 2
78 8 1
78 8 7
79 8 1
79 8 6
90 8 1
90 8 2
102 8 3
3 8 2
3 8 3
100 8 1
104 8 2
31 8 2
11 8 1
11 8 4
105 8 1
105 8 1
113 8 1
111 8 1
45 8 1
45 8 1
45 8 1
114 8 1
112 8 2
115 8 1
115 8 3
115 8 1
115 8 1
50 8 1
52 8 1
22 8 2
33 8 1
33 8 12
33 8 4
116 8 2
116 8 1
117 8 2
118 8 1
93 8 2
119 8 4
1 9 2
0 9 1
89 9 1
88 9 10
30 9 6
30 9 8
96 9 1
120 9 1
111 9 2
112 9 1
51 9 3
22 9 1
121 9 1
35 9 1
71 9 2
71 9 6
78 9 1
79 9 2
79 9 2
90 9 1
90 9 9
108 9 2
27 9 1
27 9 2
103 9 1
10 9 1
12 9 3
14 9 1
73 9 1
105 9 1
94 9 4
111 9 3
45 9 2
17 9 1
114 9 1
112 9 4
49 9 1
122 9 4
122 9 2
22 9 4
22 9 12
33 9 1
24 9 1
116 9 1
117 9 1
123 9 1
124 9 1
124 9 2
37 9 1
125 9 3
125 9 1
7 101 1
7 101 4
7 101 2
58 101 1
126 101 1
102 101 2
104 101 2
104 101 2
12 101 2
13 101 1
4 101 1
63 101 1
127 101 1
127 101 3
128 101 1
81 101 2
91 101 1
32 101 1
5 101 1
50 101 1
76 101 1
30 107 5
108 107 2
129 107 2
109 107 3
109 107 1
4 107 1
127 107 1
127 107 1
128 107 1
128 107 1
106 107 1
114 107 2
130 107 1
131 107 1
110 107 1
36 107 1
36 107 1
36 107 1
96 39 2
96 39 3
6 39 1
98 39 2
108 39 1
80 39 1
79 39 1
79 39 2
108 39 1
80 39 1
113 39 3
122 39 1
115 39 2
97 98 3
97 98 1
97 98 1
96 98 1
7 98 2
8 98 2
39 98 2
102 98 1
72 98 1
79 98 1
90 98 1
90 98 1
102 98 1
80 98 1
132 98 3
122 98 2
133 98 1
97 99 7
8 99 1
77 99 1
22 99 1
71 99 3
71 99 10
79 99 8
79 99 5
90 99 2
90 99 2
100 99 2
16 99 3
16 99 1
105 99 1
105 99 7
105 99 3
94 99 1
94 99 1
94 99 3
132 99 1
114 99 1
49 99 1
49 99 6
122 99 4
26 77 1
26 77 1
96 77 12
96 77 1
99 77 1
33 77 1
78 77 8
79 77 5
79 77 1
90 77 4
90 77 10
108 77 1
80 77 1
82 77 1
82 77 2
94 77 3
94 77 6
106 77 1
85 77 6
115 77 2
2 71 5
2 71 7
7 71 3
7 71 1
8 71 2
8 71 2
9 71 2
9 71 6
99 71 3
99 71 10
78 71 2
102 71 1
3 71 1
79 71 1
100 71 1
63 71 5
16 71 3
16 71 7
73 71 3
73 71 6
134 71 1
134 71 3
106 71 2
114 71 1
49 71 3
49 71 5
51 71 1
53 71 4
22 71 4
75 71 3
75 71 3
135 71 1
135 71 8
76 71 7
136 71 1
26 78 3
26 78 5
30 78 1
30 78 1
8 78 1
8 78 7
9 78 1
77 78 8
71 78 2
108 78 1
27 78 1
82 78 1
14 78 4
63 78 1
63 78 1
82 78 2
82 78 5
83 78 1
83 78 3
134 78 1
134 78 1
106 78 1
114 78 1
85 78 4
85 78 3
115 78 1
51 78 1
53 78 4
33 78 1
33 78 3
75 78 4
75 78 1
59 78 5
86 78 3
119 78 1
6 41 1
29 41 1
89 41 2
133 41 1
31 41 1
14 41 2
63 41 1
63 41 1
69 41 1
101 126 1
64 126 1
19 126 1
4 126 1
14 126 1
43 126 5
43 126 1
44 126 3
92 126 2
95 126 2
95 126 2
137 126 1
137 126 1
50 126 2
138 126 1
24 126 1
24 126 1
123 126 1
123 126 1
64 139 1
65 139 5
65 139 1
66 139 1
140 139 1
137 139 3
141 139 1
142 139 1
59 143 1
51 143 1
24 143 1
118 143 3
118 143 1
59 143 2
37 143 1
29 62 1
52 62 1
36 62 1
144 62 1
70 62 2
135 62 2
119 62 1
37 62 1
11 145 1
61 145 2
40 145 1
18 145 7
84 145 9
51 145 2
52 145 1
31 145 1
31 145 1
10 145 1
10 145 2
11 145 1
11 145 2
12 145 4
13 145 1
4 145 1
91 145 2
32 145 1
113 145 2
132 145 2
134 145 1
134 145 3
137 145 2
137 145 1
18 145 1
18 145 1
84 145 2
49 145 1
49 145 2
85 145 1
85 145 1
146 145 1
31 147 3
10 147 2
148 147 1
149 147 1
10 147 1
12 147 1
13 147 1
14 147 1
63 147 1
63 147 2
150 147 2
120 147 1
95 147 1
151 147 1
151 147 4
152 153 1
154 153 2
31 153 1
10 153 2
63 153 2
120 153 1
120 153 1
155 153 1
137 153 1
133 153 1
149 153 4
149 153 6
31 156 2
10 156 1
152 156 1
157 156 2
31 156 1
10 156 1
11 156 1
12 156 1
63 156 1
158 156 1
120 156 1
155 156 1
149 156 1
159 156 1
159 156 14
158 160 1
161 160 1
31 160 1
10 160 1
11 160 1
12 160 1
13 160 1
158 160 1
162 160 1
163 160 3
163 160 8
160 161 1
31 161 1
10 161 1
164 161 1
31 161 3
10 161 1
11 161 1
12 161 1
13 161 1
4 161 1
162 161 1
165 161 1
114 161 1
166 161 3
166 161 6
31 167 1
10 167 1
12 167 1
168 167 2
169 167 1
10 167 2
11 167 1
12 167 1
170 167 1
19 167 1
171 167 3
171 167 10
31 172 6
10 172 5
11 172 2
12 172 2
31 172 8
10 172 3
12 172 1
31 173 4
10 173 3
31 173 5
10 173 6
31 174 4
10 174 1
175 174 7
31 174 8
10 174 1
10 174 5
11 174 1
31 176 1
10 176 1
31 176 2
10 176 1
11 176 1
12 176 1
13 176 1
4 176 1
177 178 2
31 178 4
10 178 6
13 178 2
179 178 1
179 178 1
177 178 1
180 178 2
181 178 2
26 79 1
7 79 3
8 79 1
8 79 6
9 79 2
9 79 2
39 79 1
39 79 2
98 79 1
99 79 8
99 79 5
77 79 5
77 79 1
71 79 1
103 79 2
16 79 4
82 79 1
105 79 4
105 79 1
94 79 1
94 79 1
85 79 1
89 90 1
89 90 2
88 90 1
97 90 1
97 90 1
96 90 2
96 90 1
7 90 1
7 90 1
7 90 1
7 90 2
30 90 1
30 90 2
30 90 1
8 90 2
8 90 1
9 90 1
9 90 9
98 90 1
98 90 1
99 90 2
99 90 2
77 90 4
77 90 10
100 90 1
82 90 1
82 90 2
105 90 1
94 90 1
28 90 1
7 102 6
7 102 3
7 102 1
8 102 3
101 102 2
98 102 1
98 102 1
71 102 1
104 102 1
16 102 1
30 108 8
30 108 2
30 108 1
30 108 1
9 108 2
107 108 2
39 108 1
77 108 1
39 108 1
78 108 1
83 108 1
94 108 1
140 108 1
1 3 1
2 3 3
89 3 2
7 3 5
7 3 2
7 3 1
8 3 2
8 3 3
1 3 1
71 3 1
27 3 1
20 3 2
24 3 1
104 3 1
31 3 2
11 3 6
13 3 2
4 3 2
4 3 2
106 3 1
114 3 2
49 3 4
22 3 1
23 3 1
24 3 1
146 3 1
0 27 2
26 27 2
26 27 1
88 27 1
88 27 2
30 27 6
30 27 4
9 27 1
9 27 2
0 27 1
78 27 1
3 27 1
109 27 1
21 27 2
36 27 1
103 27 1
10 27 1
10 27 4
12 27 3
13 27 1
13 27 4
4 27 1
63 27 3
83 27 2
106 27 2
114 27 1
84 27 1
84 27 1
85 27 2
110 27 2
36 27 2
36 27 1
8 100 1
99 100 2
71 100 1
90 100 1
7 100 2
103 100 1
104 100 2
105 100 1
105 100 1
94 100 1
94 100 1
122 100 1
7 103 1
30 103 1
30 103 2
9 103 1
79 103 2
27 103 1
30 103 2
100 103 1
105 103 1
94 103 1
94 103 1
129 182 1
104 182 4
128 182 1
106 182 1
114 182 1
5 182 8
5 182 6
5 182 1
107 129 2
182 129 1
109 129 1
109 129 3
106 129 1
114 129 1
28 129 9
28 129 4
7 104 7
7 104 4
7 104 2
7 104 1
8 104 2
101 104 2
101 104 2
102 104 1
3 104 1
100 104 2
182 104 4
109 104 1
5 104 5
24 104 1
128 104 1
106 104 1
5 104 4
30 109 8
30 109 3
107 109 1
107 109 3
129 109 1
129 109 3
27 109 1
104 109 1
28 109 4
36 109 1
82 109 1
140 109 1
28 109 4
110 109 1
2 72 1
2 72 4
98 72 1
80 72 1
73 72 1
31 72 1
31 72 2
4 72 1
14 72 3
134 72 1
183 72 1
49 72 5
122 72 2
122 72 7
122 72 1
75 72 1
146 72 1
146 72 4
26 80 4
39 80 1
98 80 1
77 80 1
39 80 1
72 80 1
83 80 1
10 80 1
63 80 1
63 80 3
82 80 1
134 80 1
85 80 1
85 80 5
115 80 4
115 80 9
53 80 1
87 80 1
87 80 1
87 80 3
0 31 1
6 31 2
29 31 1
29 31 4
89 31 2
8 31 2
41 31 1
145 31 1
145 31 1
153 31 1
156 31 1
160 31 1
161 31 3
172 31 7
172 31 1
173 31 5
174 31 8
176 31 2
178 31 4
3 31 2
72 31 1
72 31 2
147 31 3
156 31 2
161 31 1
167 31 1
172 31 6
173 31 4
174 31 4
176 31 1
10 31 5
32 31 2
150 31 2
152 31 2
184 31 3
168 31 1
185 31 10
186 31 2
187 31 3
45 31 1
188 31 1
95 31 2
137 31 5
18 31 1
33 31 3
189 31 4
190 31 1
93 31 1
191 31 1
192 31 1
193 31 3
194 31 4
148 31 1
154 31 1
157 31 5
195 31 6
164 31 2
169 31 10
196 31 1
197 31 1
198 31 1
199 31 5
10 31 2
10 31 1
11 31 6
11 31 1
12 31 1
12 31 5
12 31 1
13 31 1
13 31 1
13 31 12
4 31 3
4 31 13
14 31 2
14 31 10
63 31 2
63 31 5
81 31 1
15 31 1
105 31 1
132 31 1
132 31 1
65 31 3
150 31 1
150 31 1
152 31 1
152 31 1
158 31 1
158 31 5
184 31 1
184 31 6
168 31 2
168 31 5
185 31 11
186 31 2
200 31 4
201 31 2
201 31 1
202 31 1
202 31 1
187 31 1
134 31 3
111 31 5
45 31 4
45 31 10
17 31 2
17 31 10
188 31 1
188 31 5
203 31 3
204 31 9
205 31 7
206 31 1
170 31 1
170 31 3
207 31 3
207 31 5
95 31 3
95 31 7
95 31 1
95 31 1
137 31 2
137 31 4
137 31 2
137 31 5
208 31 6
209 31 6
210 31 2
131 31 2
131 31 2
18 31 1
18 31 1
84 31 1
122 31 1
122 31 1
20 31 5
21 31 5
22 31 1
33 31 2
24 31 1
116 31 6
118 31 1
118 31 16
123 31 1
123 31 1
93 31 2
59 31 1
192 31 1
194 31 1
194 31 1
148 31 2
154 31 2
157 31 3
195 31 4
169 31 6
169 31 3
196 31 7
197 31 5
198 31 6
180 31 2
171 31 1
1 10 2
6 10 3
29 10 1
29 10 1
89 10 3
88 10 2
9 10 1
145 10 1
145 10 2
147 10 1
153 10 1
153 10 1
156 10 1
160 10 1
161 10 1
167 10 2
172 10 3
173 10 5
173 10 1
174 10 3
174 10 2
174 10 1
176 10 1
178 10 6
27 10 1
27 10 4
80 10 1
31 10 1
31 10 2
147 10 2
156 10 1
161 10 1
167 10 1
172 10 5
173 10 3
174 10 1
176 10 1
31 10 5
150 10 6
152 10 2
158 10 2
184 10 2
168 10 5
185 10 2
200 10 1
202 10 2
137 10 3
22 10 2
33 10 1
211 10 3
190 10 1
212 10 1
213 10 1
148 10 2
154 10 3
157 10 3
195 10 2
164 10 4
169 10 4
197 10 1
198 10 7
180 10 1
199 10 4
11 10 1
11 10 5
11 10 2
12 10 5
12 10 2
13 10 1
13 10 2
13 10 17
4 10 2
4 10 1
4 10 14
14 10 2
14 10 4
14 10 3
63 10 2
63 10 16
214 10 1
214 10 2
32 10 1
15 10 1
113 10 1
113 10 1
150 10 1
150 10 1
152 10 2
158 10 1
158 10 2
184 10 2
184 10 4
168 10 2
185 10 2
185 10 9
186 10 3
200 10 1
200 10 7
201 10 2
162 10 1
202 10 1
187 10 2
187 10 3
134 10 1
111 10 7
45 10 17
17 10 5
188 10 1
188 10 1
188 10 5
203 10 3
203 10 7
215 10 1
216 10 1
204 10 6
205 10 7
170 10 1
207 10 2
207 10 9
95 10 2
95 10 5
95 10 4
137 10 5
137 10 7
208 10 6
209 10 9
18 10 1
18 10 1
84 10 2
217 10 1
115 10 2
20 10 6
21 10 5
51 10 1
36 10 1
117 10 3
70 10 4
70 10 9
189 10 1
211 10 1
211 10 2
123 10 3
135 10 1
194 10 1
194 10 1
148 10 1
148 10 4
154 10 2
157 10 1
195 10 3
169 10 9
169 10 3
196 10 4
196 10 2
197 10 4
198 10 8
166 10 1
218 10 2
181 10 2
181 10 2
1 11 4
0 11 1
0 11 1
89 11 2
89 11 2
88 11 1
8 11 1
8 11 4
145 11 1
145 11 2
156 11 1
160 11 1
161 11 1
167 11 1
174 11 1
176 11 1
3 11 6
31 11 6
31 11 1
10 11 5
10 11 2
10 11 1
145 11 1
172 11 2
12 11 3
162 11 1
219 11 1
202 11 1
187 11 2
220 11 2
134 11 1
122 11 1
115 11 1
133 11 1
93 11 1
221 11 1
125 11 1
136 11 3
222 11 1
223 11 1
224 11 1
225 11 2
226 11 7
199 11 1
227 11 2
228 11 2
12 11 1
12 11 1
13 11 1
4 11 2
4 11 1
14 11 1
63 11 2
127 11 1
128 11 1
214 11 1
214 11 1
81 11 1
91 11 2
32 11 1
15 11 1
15 11 2
61 11 1
42 11 1
64 11 6
73 11 1
134 11 1
111 11 1
45 11 1
45 11 3
17 11 5
95 11 5
137 11 2
137 11 6
131 11 1
131 11 1
18 11 2
18 11 3
84 11 4
28 11 1
19 11 4
50 11 10
110 11 1
22 11 2
33 11 2
93 11 2
93 11 4
60 11 1
146 11 1
87 11 1
194 11 1
164 11 1
197 11 1
136 11 1
229 11 1
230 11 1
1 12 2
1 12 5
0 12 5
88 12 2
9 12 3
101 12 2
145 12 4
147 12 1
156 12 1
160 12 1
161 12 1
167 12 1
172 12 1
176 12 1
27 12 3
31 12 5
31 12 1
31 12 1
10 12 5
10 12 2
11 12 1
11 12 1
167 12 1
172 12 2
11 12 3
120 12 3
231 12 1
162 12 1
219 12 1
202 12 1
187 12 1
220 12 1
155 12 1
134 12 1
210 12 2
122 12 1
115 12 1
133 12 2
221 12 1
169 12 1
196 12 1
136 12 1
232 12 1
222 12 1
224 12 2
225 12 2
226 12 3
199 12 6
227 12 1
228 12 1
233 12 1
127 12 2
128 12 3
128 12 2
214 12 2
81 12 1
91 12 1
32 12 4
15 12 1
64 12 2
64 12 4
83 12 2
168 12 1
45 12 1
45 12 4
17 12 1
114 12 1
95 12 1
95 12 11
137 12 6
210 12 1
131 12 2
18 12 6
84 12 5
19 12 4
122 12 1
50 12 1
110 12 3
110 12 14
22 12 3
33 12 1
33 12 4
24 12 2
36 12 1
93 12 4
38 12 1
87 12 2
213 12 1
154 12 1
196 12 1
159 12 1
1 13 1
89 13 1
88 13 1
88 13 4
101 13 1
145 13 1
147 13 1
160 13 1
161 13 1
176 13 1
178 13 2
3 13 2
27 13 1
27 13 4
31 13 1
31 13 12
31 13 1
10 13 2
10 13 17
10 13 1
11 13 1
0 13 2
64 13 2
45 13 1
17 13 1
4 13 2
81 13 1
32 13 1
15 13 1
150 13 1
152 13 1
158 13 4
184 13 1
184 13 1
168 13 1
200 13 1
45 13 6
17 13 2
17 13 8
188 13 1
188 13 4
203 13 1
204 13 1
205 13 1
170 13 1
207 13 7
95 13 1
95 13 5
137 13 5
210 13 3
36 13 1
189 13 1
189 13 1
211 13 1
190 13 1
154 13 1
157 13 1
157 13 1
29 4 2
89 4 4
88 4 2
101 4 1
107 4 1
126 4 1
145 4 1
161 4 1
176 4 1
3 4 2
3 4 2
27 4 1
72 4 1
31 4 3
31 4 13
10 4 1
10 4 14
10 4 2
11 4 1
11 4 2
13 4 2
1 4 2
89 4 1
32 4 2
17 4 1
63 4 1
214 4 1
91 4 1
15 4 1
15 4 2
150 4 2
152 4 1
158 4 1
158 4 1
184 4 1
184 4 1
168 4 2
200 4 1
201 4 1
219 4 1
111 4 1
45 4 13
17 4 1
106 4 2
114 4 1
188 4 2
188 4 2
203 4 3
234 4 1
205 4 1
170 4 4
207 4 1
207 4 6
95 4 2
137 4 1
210 4 3
131 4 1
18 4 2
217 4 1
122 4 1
189 4 1
211 4 3
190 4 1
194 4 1
148 4 2
195 4 1
198 4 1
1 14 1
0 14 1
6 14 1
9 14 1
78 14 4
41 14 2
126 14 1
147 14 1
72 14 3
31 14 2
31 14 10
10 14 4
10 14 3
10 14 2
11 14 1
63 14 1
22 14 2
33 14 3
235 14 1
236 14 1
214 14 1
32 14 1
61 14 2
42 14 1
113 14 1
132 14 2
132 14 2
66 14 6
140 14 1
140 14 4
150 14 5
152 14 1
158 14 1
158 14 2
184 14 1
134 14 3
134 14 6
17 14 4
237 14 1
47 14 1
68 14 1
68 14 15
95 14 2
137 14 1
137 14 1
210 14 1
131 14 2
131 14 1
112 14 1
122 14 1
122 14 1
115 14 2
115 14 1
51 14 1
51 14 1
121 14 7
24 14 2
189 14 6
211 14 7
190 14 3
123 14 1
146 14 3
146 14 1
212 14 2
192 14 6
193 14 5
148 14 1
148 14 2
149 14 1
159 14 1
29 63 1
101 63 1
71 63 5
78 63 1
78 63 1
41 63 1
41 63 1
147 63 1
147 63 2
153 63 2
156 63 1
27 63 3
80 63 1
80 63 3
31 63 2
31 63 5
10 63 16
10 63 2
11 63 2
4 63 1
14 63 1
22 63 3
33 63 2
238 63 1
235 63 1
236 63 1
214 63 1
15 63 1
15 63 2
61 63 1
113 63 1
113 63 3
44 63 1
44 63 4
92 63 1
92 63 2
150 63 5
152 63 1
152 63 2
158 63 1
162 63 1
134 63 2
134 63 3
17 63 2
46 63 2
237 63 1
48 63 3
48 63 18
95 63 1
137 63 1
18 63 1
122 63 3
122 63 2
115 63 1
115 63 1
51 63 1
52 63 2
121 63 7
36 63 3
189 63 2
211 63 3
190 63 3
87 63 2
191 63 2
212 63 2
213 63 5
193 63 1
194 63 1
148 63 2
154 63 1
157 63 1
101 127 1
101 127 3
107 127 1
107 127 1
11 127 1
12 127 2
128 127 23
81 127 2
91 127 3
28 127 1
128 127 1
128 127 6
128 127 1
214 127 1
214 127 1
214 127 1
81 127 2
81 127 1
91 127 3
91 127 1
91 127 2
32 127 1
15 127 1
42 127 1
106 127 1
106 127 1
106 127 5
114 127 1
114 127 1
216 127 1
234 127 3
205 127 1
210 127 2
5 127 1
28 127 1
110 127 1
125 127 1
125 127 0
239 127 1
101 128 1
107 128 1
107 128 1
182 128 1
104 128 1
11 128 1
12 128 3
12 128 2
240 241 1
127 128 1
127 128 6
127 128 23
81 128 2
91 128 1
230 128 1
81 128 2
81 128 3
91 128 1
91 128 1
32 128 2
32 128 1
15 128 1
42 128 1
114 128 1
210 128 1
5 128 1
28 128 1
239 128 1
218 128 1
10 214 1
10 214 2
11 214 1
11 214 1
12 214 2
4 214 1
14 214 1
63 214 1
127 214 1
127 214 1
127 214 1
50 214 1
110 214 1
32 214 1
42 214 1
200 214 1
234 214 2
234 214 1
234 214 4
242 214 1
242 214 2
207 214 1
95 214 1
210 214 1
131 214 1
131 214 1
84 214 1
28 214 1
112 214 1
198 214 1
26 81 3
101 81 2
31 81 1
11 81 1
12 81 1
13 81 1
127 81 1
127 81 2
128 81 3
128 81 2
127 81 2
128 81 2
91 81 1
205 81 1
91 81 1
91 81 1
32 81 2
32 81 1
32 81 2
83 81 1
43 81 1
65 81 1
234 81 1
84 81 2
84 81 3
5 81 1
28 81 2
110 81 1
33 81 1
75 81 3
59 81 1
86 81 2
151 81 1
89 91 1
88 91 2
101 91 1
145 91 2
11 91 2
12 91 1
4 91 1
127 91 2
127 91 3
127 91 1
128 91 1
128 91 1
81 91 1
81 91 1
127 91 3
128 91 1
81 91 1
15 91 4
234 91 1
242 91 1
243 91 1
210 91 1
18 91 3
18 91 1
50 91 1
51 91 1
75 91 1
75 91 3
135 91 1
76 91 1
230 91 1
0 32 1
0 32 2
89 32 1
101 32 1
145 32 1
10 32 1
11 32 1
12 32 4
13 32 1
14 32 1
127 32 1
128 32 1
128 32 1
128 32 1
214 32 1
81 32 2
81 32 2
81 32 1
31 32 2
4 32 2
15 32 4
95 32 1
137 32 3
121 32 1
15 32 1
65 32 2
106 32 1
106 32 1
114 32 1
114 32 1
188 32 1
170 32 2
95 32 1
95 32 1
95 32 2
137 32 2
210 32 5
131 32 1
131 32 4
19 32 1
19 32 2
244 32 1
110 32 1
110 32 1
33 32 1
121 32 1
36 32 1
1 15 5
29 15 1
89 15 3
88 15 1
88 15 1
31 15 1
10 15 1
11 15 1
11 15 2
12 15 1
13 15 1
4 15 1
4 15 2
63 15 1
63 15 2
127 15 1
128 15 1
91 15 4
32 15 1
32 15 4
95 15 1
64 15 1
43 15 1
17 15 1
203 15 1
95 15 2
95 15 1
137 15 1
137 15 3
210 15 2
210 15 3
131 15 1
28 15 1
19 15 2
50 15 2
110 15 2
211 15 1
146 15 1
29 61 1
29 61 1
11 61 1
14 61 2
63 61 1
29 61 1
145 61 2
40 61 2
18 61 1
84 61 1
112 61 2
20 61 1
21 61 1
51 61 1
135 61 1
59 61 1
86 61 1
125 61 4
227 61 1
64 61 1
134 61 1
111 61 2
215 61 2
215 61 1
215 61 1
215 61 5
216 61 1
216 61 16
245 61 1
245 61 7
245 61 4
19 61 1
112 61 2
112 61 5
52 61 4
22 61 2
33 61 1
33 61 1
121 61 1
69 61 1
246 61 4
247 61 1
247 61 3
117 61 1
248 61 1
119 61 1
29 40 1
6 40 1
145 40 1
61 40 2
18 40 6
20 40 1
52 40 1
135 40 1
59 40 2
86 40 1
43 40 1
111 40 1
5 40 1
112 40 7
20 40 1
51 40 2
52 40 1
22 40 2
33 40 2
121 40 4
69 40 1
246 40 1
246 40 4
247 40 3
116 40 1
135 40 1
124 40 1
119 40 2
6 42 1
11 42 1
14 42 1
127 42 1
128 42 1
214 42 1
175 42 1
111 42 9
245 42 1
152 42 1
155 42 1
249 42 2
175 42 2
175 42 3
114 42 1
114 42 1
137 42 1
210 42 2
131 42 2
84 42 1
84 42 1
84 42 3
28 42 1
112 42 2
244 42 1
121 42 2
189 42 5
211 42 4
190 42 3
250 42 2
229 42 1
251 42 4
29 64 1
29 64 1
11 64 6
12 64 2
12 64 4
15 64 1
61 64 1
126 64 1
139 64 1
13 64 2
43 64 2
43 64 1
65 64 2
65 64 2
150 64 1
95 64 4
137 64 1
137 64 4
245 64 1
210 64 1
19 64 3
133 64 1
221 64 1
193 64 2
1 16 1
97 16 1
97 16 4
99 16 1
99 16 3
71 16 3
71 16 7
79 16 4
102 16 1
7 16 1
82 16 1
73 16 1
26 82 3
96 82 1
96 82 6
30 82 1
77 82 2
77 82 1
78 82 2
78 82 5
79 82 1
90 82 2
90 82 1
109 82 1
80 82 1
30 82 1
78 82 1
16 82 1
83 82 1
28 82 2
110 82 2
52 82 1
75 82 2
2 73 1
2 73 8
89 73 2
9 73 1
71 73 3
71 73 6
11 73 1
16 73 1
72 73 1
83 73 1
24 73 1
106 73 1
106 73 1
114 73 1
49 73 1
49 73 2
135 73 1
26 83 1
26 83 3
26 83 1
78 83 1
78 83 3
108 83 1
27 83 2
12 83 2
81 83 1
82 83 1
80 83 1
73 83 1
20 83 1
36 83 1
106 83 2
85 83 1
75 83 2
75 83 1
86 83 1
7 105 2
30 105 3
30 105 1
30 105 1
8 105 1
8 105 1
9 105 1
99 105 7
99 105 3
99 105 1
79 105 1
79 105 4
90 105 1
100 105 1
100 105 1
103 105 1
31 105 1
94 105 1
94 105 1
94 105 4
49 105 2
49 105 1
88 94 3
7 94 1
30 94 1
30 94 1
30 94 1
30 94 2
9 94 4
99 94 1
99 94 3
99 94 1
77 94 3
77 94 6
79 94 1
79 94 1
90 94 1
108 94 1
100 94 1
100 94 1
103 94 1
103 94 1
105 94 1
105 94 4
105 94 1
8 113 1
39 113 3
145 113 2
10 113 1
10 113 1
14 113 1
63 113 1
63 113 3
132 113 1
52 113 1
75 113 1
132 113 1
85 113 2
85 113 3
122 113 1
115 113 1
115 113 6
115 113 1
115 113 1
51 113 1
52 113 3
52 113 1
98 132 3
99 132 1
145 132 2
31 132 1
31 132 1
14 132 2
14 132 2
113 132 1
113 132 1
51 132 1
75 132 1
252 132 1
49 132 2
49 132 3
122 132 1
122 132 3
122 132 1
51 132 2
51 132 3
51 132 1
53 132 1
75 132 1
6 43 3
6 43 1
126 43 5
126 43 1
81 43 1
15 43 1
40 43 1
64 43 2
64 43 1
106 43 1
210 43 2
210 43 1
210 43 1
131 43 2
131 43 1
116 43 1
253 43 1
29 65 1
139 65 1
139 65 5
31 65 3
81 65 1
32 65 2
64 65 2
64 65 2
66 65 1
114 65 1
114 65 3
114 65 1
95 65 1
95 65 1
210 65 2
210 65 2
210 65 2
131 65 1
131 65 2
131 65 2
123 65 1
254 65 1
6 44 1
126 44 3
63 44 1
63 44 4
255 44 1
53 44 1
256 44 4
48 44 2
48 44 3
255 44 6
122 44 2
20 44 1
20 44 1
21 44 2
21 44 2
53 44 1
23 44 2
121 44 1
238 44 1
238 44 2
24 44 1
24 44 3
24 44 1
144 44 1
144 44 3
57 44 1
57 44 1
59 44 1
253 44 2
60 44 4
60 44 1
191 44 2
29 66 1
139 66 1
14 66 6
65 66 1
130 66 2
53 66 1
257 66 5
237 66 1
258 66 1
68 66 1
68 66 7
68 66 1
68 66 1
130 66 5
115 66 1
20 66 4
21 66 3
53 66 1
121 66 1
121 66 1
141 66 1
235 66 2
36 66 1
56 66 4
144 66 1
142 66 1
59 66 1
254 66 1
38 66 2
38 66 1
212 66 1
89 92 1
126 92 2
63 92 1
63 92 2
74 92 1
53 92 1
259 92 2
48 92 4
48 92 4
74 92 6
49 92 1
20 92 1
20 92 6
21 92 4
53 92 1
23 92 1
121 92 2
141 92 4
56 92 1
260 92 1
260 92 1
261 92 2
139 140 1
108 140 1
109 140 1
14 140 1
14 140 4
262 140 1
53 140 1
263 140 1
263 140 1
264 140 2
68 140 1
68 140 6
68 140 6
262 140 3
85 140 1
20 140 2
21 140 2
21 140 2
53 140 1
53 140 1
34 140 1
121 140 1
54 140 1
138 140 2
144 140 2
248 140 2
265 140 1
147 150 2
31 150 2
10 150 2
13 150 1
4 150 2
14 150 5
63 150 5
64 150 1
31 150 2
10 150 6
184 150 1
211 150 2
190 150 3
155 150 2
155 150 2
151 150 3
151 150 14
149 150 1
31 152 2
10 152 2
13 152 1
4 152 1
14 152 1
63 152 1
63 152 2
42 152 1
153 152 1
156 152 1
31 152 2
10 152 2
211 152 1
193 152 2
155 152 1
155 152 2
95 152 1
151 152 2
149 152 2
149 152 9
159 152 3
159 152 2
156 158 1
160 158 1
31 158 6
10 158 3
13 158 4
4 158 1
4 158 1
14 158 1
14 158 2
63 158 1
160 158 1
10 158 2
184 158 1
184 158 1
184 158 1
231 158 5
162 158 1
165 158 1
165 158 1
159 158 1
159 158 24
163 158 6
31 184 7
10 184 6
13 184 1
13 184 1
4 184 1
4 184 1
14 184 1
158 184 1
158 184 2
31 184 3
10 184 2
150 184 1
162 184 1
224 184 1
162 184 1
165 184 1
163 184 12
166 184 2
166 184 13
31 168 7
10 168 2
12 168 1
13 168 1
4 168 2
167 168 2
31 168 1
10 168 5
154 168 1
157 168 2
219 168 1
114 168 1
95 168 1
166 168 1
171 168 4
171 168 12
31 185 11
10 185 11
31 185 10
10 185 2
114 185 1
95 185 1
133 185 1
133 185 2
163 185 2
163 185 2
166 185 2
166 185 1
171 185 3
31 186 2
10 186 3
31 186 2
31 200 4
10 200 1
10 200 7
13 200 1
4 200 1
214 200 1
10 200 1
201 200 1
175 200 2
175 200 2
242 200 1
205 200 1
180 200 3
31 201 2
31 201 1
10 201 2
4 201 1
200 201 1
179 201 1
206 201 1
133 201 1
249 201 1
179 201 1
206 201 7
243 201 2
137 201 1
19 201 1
180 201 5
181 201 1
147 120 1
153 120 1
153 120 1
156 120 1
9 120 1
12 120 3
231 120 1
219 120 1
134 120 1
133 120 1
121 120 1
232 120 1
222 120 1
155 120 4
155 120 6
151 120 11
151 120 10
149 120 7
149 120 8
159 120 1
158 231 5
12 231 1
120 231 1
162 231 6
125 231 2
165 231 1
165 231 1
134 231 1
95 231 3
137 231 1
19 231 1
159 231 7
159 231 16
163 231 6
163 231 8
166 231 1
160 162 1
161 162 1
10 162 1
63 162 1
158 162 1
184 162 1
11 162 1
12 162 1
184 162 1
231 162 6
219 162 1
165 162 4
266 162 10
134 162 2
95 162 4
137 162 3
19 162 1
163 162 9
166 162 3
166 162 23
171 162 1
171 162 6
4 219 1
168 219 1
11 219 1
12 219 1
120 219 1
162 219 1
136 219 1
222 219 1
266 219 3
134 219 1
95 219 3
137 219 4
267 219 1
171 219 7
171 219 6
31 202 2
10 202 1
10 202 2
11 202 1
12 202 1
134 202 1
95 202 2
137 202 1
31 187 1
10 187 5
31 187 3
11 187 2
12 187 1
134 187 2
95 187 2
137 187 2
11 220 2
12 220 1
134 220 1
134 220 1
95 220 1
95 220 2
137 220 1
180 220 4
181 220 2
153 155 1
156 155 1
42 155 1
150 155 4
152 155 2
152 155 1
120 155 10
12 155 1
165 155 1
151 155 4
149 155 2
210 155 2
28 155 1
133 155 3
133 155 1
193 155 9
194 155 13
148 155 18
125 155 1
136 155 20
250 155 7
267 155 6
229 155 2
151 155 1
149 155 1
149 155 1
161 165 1
158 165 1
158 165 1
184 165 1
231 165 2
162 165 4
155 165 1
266 165 2
163 165 2
84 165 1
133 165 3
133 165 1
148 165 11
154 165 21
157 165 5
136 165 1
232 165 37
222 165 6
250 165 6
267 165 4
229 165 4
159 165 1
163 165 1
162 266 10
219 266 3
165 266 2
268 266 1
131 266 1
133 266 1
133 266 2
157 266 13
195 266 24
164 266 3
222 266 16
223 266 27
250 266 6
267 266 9
229 266 5
266 268 1
229 268 1
269 268 1
164 268 12
169 268 21
196 268 3
224 268 30
225 268 2
229 268 12
269 268 1
233 270 1
208 270 1
196 270 15
226 270 1
226 270 30
199 270 8
271 270 1
233 270 1
42 249 2
201 249 1
175 249 3
179 249 1
198 249 10
180 249 2
227 249 9
228 249 7
71 134 3
71 134 1
78 134 1
78 134 1
145 134 1
145 134 3
72 134 1
80 134 1
31 134 3
10 134 1
11 134 1
14 134 3
14 134 6
63 134 2
63 134 3
61 134 1
231 134 1
162 134 2
219 134 1
202 134 1
187 134 2
220 134 1
220 134 1
11 134 1
12 134 1
120 134 1
95 134 1
19 134 2
45 134 1
17 134 1
215 134 1
215 134 2
215 134 16
215 134 8
216 134 19
216 134 16
234 134 2
242 134 1
242 134 1
206 134 4
206 134 2
243 134 3
243 134 5
170 134 5
95 134 3
95 134 4
137 134 1
209 134 2
209 134 1
245 134 2
245 134 1
19 134 1
19 134 2
19 134 1
49 134 1
85 134 1
85 134 1
33 134 1
75 134 3
75 134 2
117 134 1
118 134 1
70 134 1
189 134 1
93 134 3
135 134 3
59 134 2
76 134 3
86 134 2
194 134 1
180 134 1
125 134 1
125 134 1
228 134 2
42 175 2
42 175 3
200 175 2
200 175 2
249 175 3
174 175 7
42 175 1
196 175 1
199 175 1
111 175 3
179 175 1
206 175 1
18 175 1
18 175 1
8 111 1
9 111 3
31 111 5
10 111 7
11 111 1
4 111 1
61 111 2
40 111 1
175 111 3
8 111 1
9 111 2
42 111 9
18 111 2
84 111 13
196 111 1
151 111 5
233 111 4
84 111 1
84 111 1
28 111 1
112 111 1
112 111 2
122 111 1
115 111 1
51 111 1
51 111 4
51 111 1
52 111 5
246 111 2
247 111 4
250 111 1
267 111 1
229 111 1
239 111 2
6 45 2
6 45 1
6 45 1
29 45 2
29 45 1
8 45 1
8 45 1
8 45 1
9 45 2
31 45 4
31 45 10
10 45 17
11 45 1
11 45 3
12 45 1
12 45 4
13 45 6
4 45 13
134 45 1
31 45 1
13 45 1
17 45 2
53 45 1
17 45 1
17 45 2
137 45 1
123 45 1
1 17 1
29 17 1
29 17 1
29 17 1
9 17 1
31 17 2
31 17 10
10 17 5
11 17 5
12 17 1
13 17 2
13 17 8
4 17 1
14 17 4
63 17 2
15 17 1
134 17 1
45 17 2
45 17 1
13 17 1
4 17 1
45 17 2
95 17 2
125 17 1
7 106 1
7 106 1
107 106 1
77 106 1
71 106 2
78 106 1
3 106 1
27 106 2
182 106 1
129 106 1
104 106 1
4 106 2
127 106 1
127 106 5
127 106 1
32 106 1
32 106 1
73 106 1
73 106 1
83 106 2
43 106 1
114 106 1
114 106 3
114 106 1
272 106 1
5 106 2
50 106 3
22 106 2
75 106 1
211 106 2
239 106 3
239 106 1
8 114 1
9 114 1
107 114 2
99 114 1
71 114 1
78 114 1
161 114 1
3 114 2
27 114 1
182 114 1
129 114 1
12 114 1
4 114 1
127 114 1
127 114 1
128 114 1
32 114 1
32 114 1
42 114 1
42 114 1
73 114 1
65 114 1
65 114 1
65 114 3
168 114 1
185 114 1
106 114 1
106 114 1
106 114 3
170 114 1
131 114 1
131 114 1
131 114 1
131 114 1
28 114 1
28 114 1
110 114 1
110 114 3
110 114 1
36 114 1
189 114 1
190 114 1
195 114 1
267 114 1
267 114 2
229 114 1
229 114 1
163 114 2
44 256 4
257 256 1
46 256 1
48 256 1
236 256 1
46 256 1
183 256 7
19 256 1
19 256 1
53 256 1
23 256 2
138 256 1
238 256 4
253 256 2
191 256 1
66 257 5
256 257 1
237 257 1
68 257 1
236 257 1
237 257 1
258 257 7
68 257 2
19 257 1
34 257 5
235 257 5
254 257 1
6 46 1
63 46 2
256 46 1
256 46 1
259 46 1
259 46 1
47 46 1
141 46 5
55 46 1
69 46 3
238 46 4
235 46 2
273 46 1
60 46 1
14 237 1
63 237 1
66 237 1
257 237 1
257 237 1
263 237 1
263 237 1
67 237 1
85 237 1
141 237 3
138 237 2
55 237 1
55 237 3
69 237 2
238 237 1
235 237 4
274 237 2
56 237 1
265 237 1
38 237 3
87 237 2
92 259 2
46 259 1
46 259 1
263 259 1
275 259 1
252 259 7
48 259 2
74 259 1
74 259 1
19 259 1
23 259 4
141 259 5
213 259 1
213 259 1
140 263 1
140 263 1
237 263 1
237 263 1
259 263 1
67 263 1
264 263 1
264 263 6
68 263 1
262 263 1
19 263 1
34 263 1
34 263 5
138 263 10
273 263 1
192 263 1
72 183 1
256 183 7
255 183 2
122 183 1
23 183 10
274 183 4
273 183 3
253 183 1
253 183 2
66 258 1
257 258 7
21 258 1
34 258 11
275 258 1
274 258 2
273 258 2
236 258 1
254 258 3
6 47 2
6 47 1
6 47 1
14 47 1
46 47 1
24 47 1
252 47 1
255 47 2
255 47 3
74 47 2
74 47 6
20 47 1
53 47 7
53 47 2
55 47 1
55 47 2
69 47 1
273 47 2
236 47 2
146 47 2
29 67 1
29 67 1
237 67 1
263 67 1
36 67 1
87 67 1
68 67 1
68 67 1
68 67 1
130 67 2
262 67 2
262 67 5
53 67 6
53 67 1
55 67 1
55 67 1
274 67 2
236 67 1
38 67 1
38 67 1
132 252 1
259 252 7
47 252 1
74 252 1
74 252 1
49 252 1
53 252 2
23 252 11
274 252 1
274 252 1
273 252 4
236 252 1
261 252 3
140 264 2
263 264 6
263 264 1
262 264 1
262 264 1
85 264 2
53 264 1
53 264 2
34 264 1
34 264 14
274 264 3
273 264 2
236 264 3
265 264 4
87 264 1
31 188 5
31 188 1
10 188 1
10 188 5
10 188 1
13 188 4
13 188 1
4 188 2
4 188 2
32 188 1
31 188 1
272 188 1
19 188 1
204 188 1
206 188 1
210 188 1
244 188 1
180 188 2
31 203 3
10 203 7
10 203 3
13 203 1
4 203 3
15 203 1
170 203 1
19 203 1
243 203 1
207 203 1
207 203 1
137 203 3
137 203 1
19 203 1
244 203 1
6 48 1
6 48 1
63 48 3
63 48 18
44 48 3
44 48 2
92 48 4
92 48 4
259 48 2
256 48 1
68 48 2
51 48 1
122 48 8
141 48 7
55 48 2
238 48 1
274 48 2
117 48 1
124 48 2
124 48 1
119 48 3
119 48 1
25 48 4
191 48 1
29 68 2
88 68 1
14 68 1
14 68 15
66 68 1
66 68 1
66 68 1
66 68 7
140 68 6
140 68 1
140 68 6
257 68 2
263 68 1
67 68 1
67 68 1
67 68 1
257 68 1
48 68 2
52 68 1
115 68 2
115 68 8
121 68 1
138 68 10
55 68 3
55 68 2
235 68 3
273 68 2
118 68 1
119 68 1
37 68 4
25 68 3
239 68 1
44 255 6
183 255 2
47 255 2
47 255 3
44 255 1
122 255 2
51 255 1
238 255 1
60 255 1
21 255 1
53 255 2
53 255 2
23 255 1
34 255 1
138 255 1
138 255 3
221 255 3
107 130 1
66 130 5
67 130 2
66 130 2
115 130 2
52 130 1
53 130 1
235 130 1
38 130 1
20 130 1
21 130 1
53 130 2
23 130 1
34 130 1
141 130 1
141 130 2
144 130 1
276 130 2
2 74 1
89 74 1
92 74 6
259 74 1
259 74 1
47 74 2
47 74 6
252 74 1
252 74 1
89 74 1
92 74 1
122 74 1
51 74 1
141 74 1
60 74 1
20 74 1
53 74 1
53 74 1
23 74 1
235 74 1
235 74 3
277 74 3
140 262 3
263 262 1
67 262 2
67 262 5
264 262 1
264 262 1
140 262 1
115 262 1
52 262 1
138 262 1
38 262 1
21 262 1
53 262 2
53 262 6
34 262 2
238 262 4
273 262 1
58 262 4
87 262 1
178 179 1
178 179 1
201 179 1
249 179 1
175 179 1
201 179 1
131 179 1
181 179 3
178 177 1
178 177 2
133 177 2
181 177 4
10 215 1
61 215 1
61 215 5
61 215 2
61 215 1
134 215 16
134 215 8
134 215 1
134 215 2
216 215 3
137 215 1
245 215 1
216 215 1
170 215 2
137 215 1
245 215 2
245 215 1
245 215 6
19 215 2
19 215 1
196 215 1
218 215 1
10 216 1
127 216 1
61 216 16
61 216 1
134 216 19
134 216 16
215 216 1
215 216 3
245 216 1
169 216 1
271 216 1
170 216 3
95 216 1
137 216 1
245 216 2
245 216 6
19 216 1
4 234 1
127 234 3
214 234 1
214 234 4
214 234 2
81 234 1
91 234 1
134 234 2
242 234 2
242 234 5
242 234 1
242 234 5
204 234 5
205 234 5
5 234 2
214 242 1
214 242 2
91 242 1
200 242 1
134 242 1
134 242 1
234 242 1
234 242 5
234 242 5
234 242 2
204 242 1
18 242 3
205 242 5
5 242 2
31 204 9
10 204 6
13 204 1
188 204 1
234 204 5
242 204 1
205 204 3
205 204 1
205 204 1
95 204 13
180 204 1
31 205 7
10 205 7
13 205 1
4 205 1
127 205 1
200 205 1
234 205 5
242 205 5
204 205 1
204 205 1
81 205 1
204 205 3
95 205 6
137 205 3
180 205 2
31 206 1
201 206 7
134 206 4
134 206 2
175 206 1
188 206 1
201 206 1
243 206 1
272 206 1
180 206 1
243 206 1
95 206 2
180 206 2
91 243 1
201 243 2
134 243 3
134 243 5
203 243 1
206 243 1
206 243 1
137 243 1
180 243 1
137 243 8
180 243 1
106 272 1
188 272 1
206 272 1
95 272 1
167 170 1
31 170 1
31 170 3
10 170 1
13 170 1
4 170 4
32 170 2
134 170 5
114 170 1
215 170 2
216 170 3
203 170 1
137 170 1
19 170 2
95 170 2
116 278 5
76 278 1
76 278 5
76 278 1
117 279 4
86 279 2
86 279 4
31 207 3
31 207 5
10 207 2
10 207 9
13 207 7
4 207 6
4 207 1
214 207 1
203 207 1
203 207 1
18 207 4
210 207 1
210 207 1
131 207 2
88 95 1
88 95 1
126 95 2
126 95 2
147 95 1
31 95 1
31 95 1
31 95 3
31 95 7
10 95 4
10 95 2
10 95 5
11 95 5
12 95 1
12 95 11
13 95 5
13 95 1
4 95 2
14 95 2
63 95 1
214 95 1
32 95 1
32 95 2
32 95 1
15 95 1
15 95 2
64 95 4
65 95 1
65 95 1
152 95 1
168 95 1
185 95 1
231 95 3
162 95 1
162 95 3
219 95 1
219 95 2
202 95 2
187 95 2
220 95 1
220 95 2
134 95 4
134 95 3
17 95 2
216 95 1
204 95 13
205 95 6
206 95 2
170 95 2
31 95 2
32 95 1
15 95 1
134 95 1
272 95 1
137 95 5
199 95 2
227 95 1
137 95 2
137 95 1
137 95 2
208 95 1
209 95 2
209 95 11
245 95 2
210 95 1
131 95 1
84 95 4
133 95 1
133 95 4
110 95 1
121 95 2
221 95 2
180 95 2
232 95 1
222 95 1
223 95 1
224 95 2
226 95 1
227 95 2
228 95 1
181 95 1
126 137 1
126 137 1
139 137 3
145 137 1
145 137 2
153 137 1
31 137 2
31 137 5
31 137 2
31 137 4
10 137 7
10 137 5
11 137 2
11 137 6
12 137 6
13 137 5
4 137 1
14 137 1
14 137 1
63 137 1
32 137 2
15 137 1
15 137 3
42 137 1
64 137 1
64 137 4
201 137 1
231 137 1
162 137 1
162 137 2
219 137 4
202 137 1
187 137 2
220 137 1
134 137 1
45 137 1
203 137 1
203 137 3
215 137 1
216 137 1
205 137 3
243 137 8
95 137 1
95 137 2
95 137 2
31 137 5
10 137 3
32 137 3
215 137 1
243 137 1
170 137 1
95 137 5
244 137 2
217 137 1
169 137 2
208 137 1
208 137 6
209 137 10
196 137 1
18 137 1
18 137 2
84 137 1
84 137 6
19 137 1
19 137 1
217 137 1
217 137 1
133 137 2
133 137 3
110 137 1
276 137 2
180 137 3
222 137 2
222 137 1
224 137 1
224 137 1
225 137 3
226 137 1
227 137 1
228 137 1
267 137 1
181 137 1
31 208 6
10 208 6
270 208 1
95 208 1
137 208 6
137 208 1
209 208 1
233 208 1
31 209 6
10 209 9
134 209 2
134 209 1
95 209 2
95 209 11
137 209 10
208 209 1
196 209 1
61 245 7
61 245 4
61 245 1
64 245 1
134 245 2
134 245 1
215 245 1
215 245 6
215 245 2
216 245 2
216 245 6
95 245 2
42 245 1
215 245 1
216 245 1
19 245 1
31 210 2
12 210 1
13 210 3
4 210 3
14 210 1
127 210 2
128 210 1
214 210 1
91 210 1
32 210 5
15 210 2
15 210 3
42 210 2
64 210 1
43 210 1
43 210 1
43 210 2
65 210 2
65 210 2
65 210 2
155 210 2
188 210 1
207 210 1
207 210 1
95 210 1
12 210 2
131 210 5
131 210 1
28 210 1
112 210 1
244 210 1
50 210 1
107 131 1
31 131 2
31 131 2
11 131 1
11 131 1
12 131 2
4 131 1
14 131 2
14 131 1
214 131 1
214 131 1
32 131 4
32 131 1
15 131 1
42 131 2
43 131 1
43 131 2
65 131 2
65 131 2
65 131 1
266 131 1
114 131 1
114 131 1
114 131 1
179 131 1
207 131 2
95 131 1
210 131 1
210 131 5
114 131 1
112 131 2
244 131 2
198 131 2
267 131 1
267 131 1
229 131 1
229 131 1
171 131 1
280 131 1
251 131 1
1 18 1
145 18 1
145 18 1
31 18 1
31 18 1
10 18 1
10 18 1
11 18 2
11 18 3
12 18 6
4 18 2
63 18 1
91 18 1
91 18 3
175 18 1
175 18 1
137 18 1
137 18 2
145 18 7
31 18 1
61 18 1
40 18 6
111 18 2
242 18 3
207 18 4
84 18 1
112 18 1
159 18 1
181 18 2
50 18 3
51 18 2
75 18 1
26 84 1
26 84 1
145 84 2
27 84 1
27 84 1
31 84 1
10 84 2
11 84 4
12 84 5
214 84 1
81 84 3
81 84 2
42 84 1
42 84 3
42 84 1
165 84 1
111 84 1
111 84 1
95 84 4
137 84 1
137 84 6
145 84 9
61 84 1
111 84 13
18 84 1
163 84 1
166 84 1
28 84 1
85 84 2
110 84 4
52 84 1
33 84 1
36 84 1
229 84 1
7 5 3
7 5 3
101 5 1
182 5 1
182 5 8
182 5 6
104 5 4
127 5 1
128 5 1
81 5 1
40 5 1
106 5 2
234 5 2
242 5 2
1 5 1
104 5 5
28 5 2
24 5 1
30 28 3
30 28 4
90 28 1
129 28 9
129 28 4
109 28 4
11 28 1
127 28 1
128 28 1
214 28 1
81 28 2
15 28 1
42 28 1
82 28 2
155 28 1
111 28 1
114 28 1
114 28 1
84 28 1
0 28 1
109 28 4
127 28 1
210 28 1
5 28 2
112 28 1
110 28 1
267 28 1
229 28 4
151 28 1
1 19 1
29 19 1
167 19 1
11 19 4
12 19 4
32 19 1
32 19 2
15 19 2
61 19 1
64 19 3
201 19 1
231 19 1
162 19 1
134 19 1
134 19 1
134 19 2
256 19 1
256 19 1
257 19 1
259 19 1
263 19 1
203 19 1
215 19 1
215 19 2
216 19 1
137 19 1
137 19 1
245 19 1
126 19 1
134 19 2
188 19 1
203 19 1
170 19 2
23 19 3
34 19 3
189 19 1
37 19 1
253 19 1
8 112 2
9 112 4
14 112 1
214 112 1
61 112 2
61 112 5
40 112 7
42 112 2
111 112 2
111 112 1
210 112 1
131 112 2
28 112 1
8 112 1
9 112 1
61 112 2
18 112 1
122 112 1
244 112 2
115 112 1
217 112 1
51 112 2
52 112 3
53 112 1
236 112 1
246 112 2
246 112 1
247 112 1
247 112 2
59 112 1
196 112 1
227 112 1
250 112 2
267 112 2
239 112 1
32 244 1
42 244 1
188 244 1
203 244 1
210 244 1
131 244 2
112 244 2
217 244 1
137 244 2
180 244 1
10 217 1
4 217 1
137 217 1
137 217 1
112 217 1
244 217 1
137 217 1
180 217 1
6 49 1
2 49 3
2 49 12
9 49 1
99 49 1
99 49 6
71 49 3
71 49 5
145 49 1
145 49 2
3 49 4
72 49 5
73 49 1
73 49 2
105 49 2
105 49 1
132 49 2
132 49 3
92 49 1
134 49 1
252 49 1
85 49 1
85 49 4
122 49 1
122 49 2
53 49 1
53 49 10
75 49 1
75 49 4
54 49 2
54 49 1
35 49 1
35 49 3
35 49 2
141 49 2
141 49 10
138 49 7
55 49 4
55 49 2
55 49 4
69 49 4
69 49 2
69 49 3
238 49 1
238 49 8
235 49 2
235 49 9
142 49 2
124 49 3
124 49 5
124 49 1
119 49 3
119 49 7
119 49 2
37 49 1
37 49 5
37 49 3
25 49 1
25 49 10
25 49 7
146 49 1
146 49 7
213 49 1
26 85 1
26 85 15
77 85 6
78 85 4
78 85 3
145 85 1
145 85 1
79 85 1
27 85 2
80 85 1
80 85 5
83 85 1
113 85 2
113 85 3
140 85 1
134 85 1
134 85 1
237 85 1
264 85 2
84 85 2
49 85 4
49 85 1
115 85 2
53 85 8
75 85 1
54 85 1
54 85 1
35 85 1
35 85 1
141 85 1
141 85 9
138 85 1
138 85 10
55 85 2
55 85 1
55 85 3
69 85 1
69 85 7
69 85 3
69 85 4
238 85 12
235 85 1
235 85 9
117 85 1
142 85 1
57 85 1
260 85 1
124 85 2
124 85 5
124 85 1
124 85 1
119 85 1
119 85 6
119 85 1
37 85 2
37 85 11
37 85 8
25 85 1
25 85 6
25 85 5
87 85 3
192 85 1
9 122 2
9 122 4
39 122 1
98 122 2
99 122 4
100 122 1
72 122 1
72 122 2
72 122 7
31 122 1
31 122 1
12 122 1
4 122 1
14 122 1
14 122 1
63 122 3
63 122 2
113 122 1
132 122 1
132 122 1
132 122 3
44 122 2
111 122 1
183 122 1
48 122 8
49 122 1
49 122 2
11 122 1
12 122 1
255 122 2
74 122 1
112 122 1
115 122 3
51 122 1
142 122 1
260 122 1
277 122 1
221 122 1
276 122 1
135 122 1
124 122 1
25 122 2
51 122 1
53 122 5
22 122 1
121 122 3
275 122 1
25 122 2
191 122 1
213 122 2
8 115 1
8 115 1
8 115 1
8 115 3
39 115 2
77 115 2
78 115 1
80 115 4
80 115 9
10 115 2
14 115 2
14 115 1
63 115 1
63 115 1
113 115 1
113 115 1
113 115 1
113 115 6
66 115 1
111 115 1
68 115 2
68 115 8
85 115 2
11 115 1
12 115 1
130 115 2
262 115 1
112 115 1
122 115 3
52 115 1
57 115 1
248 115 1
58 115 1
276 115 1
59 115 1
124 115 1
119 115 1
37 115 2
52 115 1
52 115 1
53 115 1
53 115 4
33 115 1
121 115 5
275 115 1
124 115 1
212 115 1
192 115 1
1 20 1
1 20 1
0 20 1
0 20 1
88 20 1
31 20 5
10 20 6
40 20 1
44 20 1
44 20 1
66 20 4
92 20 1
92 20 6
140 20 2
47 20 1
130 20 1
74 20 1
3 20 2
61 20 1
40 20 1
83 20 1
22 20 1
33 20 1
33 20 2
35 20 1
247 20 1
135 20 2
124 20 3
119 20 3
25 20 1
146 20 1
1 21 1
0 21 1
88 21 1
31 21 5
10 21 5
44 21 2
44 21 2
66 21 3
92 21 4
140 21 2
140 21 2
258 21 1
255 21 1
130 21 1
262 21 1
27 21 2
61 21 1
123 21 1
93 21 1
59 21 1
124 21 4
119 21 3
37 21 2
25 21 1
60 21 1
38 21 1
98 133 1
153 133 1
64 133 1
185 133 3
155 133 2
155 133 2
165 133 2
165 133 2
266 133 3
95 133 1
95 133 4
137 133 2
137 133 3
41 133 1
11 133 1
12 133 2
201 133 1
120 133 1
177 133 2
24 133 1
166 133 2
181 133 1
6 50 1
7 50 1
8 50 1
101 50 1
126 50 2
11 50 10
12 50 1
91 50 1
15 50 2
106 50 3
210 50 1
18 50 3
214 50 1
151 50 1
22 50 4
30 110 2
107 110 1
27 110 2
109 110 1
11 110 1
12 110 3
12 110 14
127 110 1
81 110 1
32 110 1
32 110 1
15 110 2
82 110 2
114 110 1
114 110 1
114 110 3
95 110 1
137 110 1
84 110 4
28 110 1
214 110 1
33 110 4
34 110 1
6 51 2
6 51 3
29 51 4
29 51 3
2 51 1
71 51 1
78 51 1
143 51 1
10 51 1
14 51 1
14 51 1
63 51 1
91 51 1
40 51 2
113 51 1
132 51 1
132 51 2
132 51 3
111 51 1
111 51 1
111 51 4
18 51 2
112 51 2
122 51 1
9 51 3
145 51 2
61 51 1
132 51 1
48 51 1
255 51 1
74 51 1
122 51 1
52 51 3
274 51 1
191 51 1
213 51 1
136 51 1
151 51 2
75 51 2
75 51 1
246 51 1
144 51 3
146 51 2
146 51 1
6 52 3
6 52 3
29 52 4
26 52 1
26 52 2
8 52 1
62 52 1
63 52 2
61 52 4
40 52 1
82 52 1
113 52 3
113 52 1
111 52 5
84 52 1
112 52 3
115 52 1
115 52 1
8 52 3
145 52 1
40 52 1
113 52 1
68 52 1
130 52 1
262 52 1
115 52 1
51 52 3
212 52 1
192 52 1
75 52 1
246 52 1
56 52 4
87 52 2
6 53 2
29 53 1
26 53 1
71 53 4
78 53 4
80 53 1
132 53 1
44 53 1
66 53 1
92 53 1
140 53 1
140 53 1
256 53 1
47 53 2
47 53 7
67 53 1
67 53 6
252 53 2
264 53 1
264 53 2
255 53 2
255 53 2
130 53 2
74 53 1
74 53 1
262 53 6
262 53 2
112 53 1
49 53 1
49 53 10
85 53 8
122 53 5
115 53 4
115 53 1
44 53 1
66 53 1
92 53 1
140 53 1
45 53 1
130 53 1
23 53 4
23 53 1
34 53 3
34 53 3
273 53 2
236 53 1
213 53 1
192 53 1
1 22 3
8 22 2
9 22 4
9 22 12
71 22 4
3 22 1
31 22 1
11 22 2
12 22 3
61 22 2
40 22 2
106 22 2
122 22 1
20 22 1
50 22 4
9 22 1
99 22 1
10 22 2
14 22 2
63 22 3
121 22 1
121 22 1
55 22 1
69 22 1
247 22 1
116 22 1
116 22 2
117 22 1
117 22 1
117 22 3
118 22 3
118 22 2
70 22 2
70 22 5
119 22 1
119 22 4
37 22 1
125 22 2
0 33 1
0 33 5
8 33 4
8 33 1
8 33 12
9 33 1
78 33 1
78 33 3
31 33 2
11 33 2
12 33 1
12 33 4
81 33 1
32 33 1
61 33 1
61 33 1
40 33 2
134 33 1
84 33 1
115 33 1
20 33 1
20 33 2
110 33 4
8 33 1
77 33 1
31 33 3
10 33 1
14 33 3
63 33 2
121 33 1
121 33 1
121 33 1
121 33 3
55 33 2
55 33 1
69 33 1
69 33 2
246 33 1
247 33 1
116 33 1
116 33 5
117 33 2
117 33 3
118 33 1
118 33 2
118 33 12
70 33 3
70 33 2
124 33 2
119 33 4
1 23 1
89 23 1
3 23 1
44 23 2
92 23 1
256 23 2
259 23 4
183 23 10
252 23 11
255 23 1
130 23 1
74 23 1
19 23 3
53 23 4
53 23 1
275 23 1
253 23 3
261 23 3
0 34 1
140 34 1
257 34 5
263 34 1
263 34 5
258 34 11
264 34 1
264 34 14
255 34 1
130 34 1
262 34 2
19 34 3
110 34 1
53 34 3
53 34 3
275 34 1
254 34 3
265 34 3
87 34 3
2 75 2
26 75 3
96 75 1
71 75 3
71 75 3
78 75 4
78 75 1
72 75 1
81 75 3
91 75 1
91 75 3
82 75 2
83 75 1
83 75 2
132 75 1
134 75 2
134 75 3
106 75 1
18 75 1
49 75 1
49 75 4
85 75 1
51 75 1
51 75 2
52 75 1
113 75 1
132 75 1
36 75 1
146 75 5
87 75 1
87 75 1
14 121 7
63 121 7
32 121 1
61 121 1
40 121 4
42 121 2
44 121 1
66 121 1
66 121 1
92 121 2
140 121 1
68 121 1
95 121 2
122 121 3
115 121 5
22 121 1
33 121 1
33 121 3
33 121 1
9 121 1
32 121 1
120 121 1
22 121 1
33 121 1
124 121 1
119 121 1
37 121 1
141 121 1
55 121 2
69 121 1
69 121 3
69 121 1
123 121 2
123 121 1
119 121 2
25 121 1
213 121 1
192 121 1
6 54 1
140 54 1
49 54 1
49 54 2
85 54 1
85 54 1
8 54 1
35 54 2
93 54 2
37 54 1
55 54 2
117 54 3
248 54 2
119 54 1
37 54 1
0 35 1
6 35 1
49 35 2
49 35 1
49 35 3
85 35 1
85 35 1
20 35 1
9 35 1
54 35 2
93 35 2
141 35 1
25 35 2
69 35 1
235 35 1
236 35 1
116 35 2
260 35 2
124 35 2
25 35 2
25 35 1
139 141 1
66 141 1
92 141 4
46 141 5
237 141 3
259 141 5
48 141 7
130 141 1
130 141 2
49 141 2
49 141 10
85 141 1
85 141 9
121 141 1
35 141 1
74 141 1
55 141 1
238 141 1
124 141 1
69 141 1
235 141 7
235 141 1
235 141 3
25 141 1
25 141 1
212 141 3
213 141 4
126 138 1
140 138 2
256 138 1
237 138 2
263 138 10
68 138 10
255 138 1
255 138 3
49 138 7
85 138 1
85 138 10
262 138 1
235 138 1
117 138 1
55 138 1
119 138 1
238 138 1
238 138 11
238 138 6
37 138 1
60 138 1
191 138 1
191 138 1
191 138 3
192 138 6
6 55 2
6 55 2
46 55 1
237 55 1
237 55 3
47 55 1
47 55 2
67 55 1
67 55 1
48 55 2
68 55 2
68 55 3
49 55 4
49 55 4
49 55 2
85 55 3
85 55 2
85 55 1
22 55 1
33 55 2
33 55 1
121 55 2
54 55 2
138 55 1
69 55 3
69 55 1
141 55 1
238 55 1
273 55 1
246 55 1
247 55 2
24 55 1
36 55 4
38 55 1
29 69 2
41 69 1
61 69 1
40 69 1
46 69 3
237 69 2
47 69 1
49 69 3
49 69 4
49 69 2
85 69 3
85 69 4
85 69 1
85 69 7
22 69 1
33 69 2
33 69 1
121 69 1
121 69 1
121 69 3
35 69 1
141 69 1
55 69 1
55 69 3
235 69 1
246 69 3
24 69 1
24 69 2
36 69 2
56 69 1
38 69 1
87 69 1
44 238 1
44 238 2
256 238 4
46 238 4
237 238 1
48 238 1
262 238 4
49 238 1
49 238 8
85 238 12
138 238 6
138 238 1
138 238 11
63 238 1
255 238 1
141 238 1
55 238 1
235 238 1
118 238 1
37 238 1
24 238 3
265 238 1
191 238 2
191 238 4
192 238 1
192 238 3
66 235 2
257 235 5
46 235 2
237 235 4
68 235 3
74 235 1
74 235 3
49 235 2
49 235 9
85 235 1
85 235 9
35 235 1
141 235 1
141 235 3
141 235 7
14 235 1
63 235 1
130 235 1
138 235 1
69 235 1
238 235 1
70 235 1
25 235 1
36 235 5
58 235 1
276 235 1
254 235 1
212 235 1
212 235 4
213 235 2
258 275 1
122 275 1
115 275 1
259 275 1
23 275 1
34 275 1
236 275 2
135 275 3
59 275 4
254 275 1
237 274 2
183 274 4
258 274 2
67 274 2
252 274 1
252 274 1
264 274 3
48 274 2
51 274 1
236 274 1
253 274 1
261 274 1
46 273 1
263 273 1
183 273 3
258 273 2
47 273 2
252 273 4
264 273 2
68 273 2
262 273 1
53 273 2
55 273 1
236 273 1
144 273 1
254 273 1
261 273 1
265 273 2
258 236 1
47 236 2
67 236 1
252 236 1
264 236 3
112 236 1
53 236 1
35 236 1
14 236 1
63 236 1
256 236 1
257 236 1
275 236 2
274 236 1
273 236 1
76 236 1
76 236 4
86 236 3
119 236 1
261 236 2
265 236 2
61 246 4
40 246 4
40 246 1
111 246 2
112 246 1
112 246 2
51 246 1
52 246 1
33 246 1
55 246 1
69 246 3
38 246 1
36 246 1
117 246 1
123 246 1
125 246 2
61 247 3
61 247 1
40 247 3
111 247 4
112 247 1
112 247 2
20 247 1
22 247 1
33 247 1
55 247 2
118 247 2
1 24 1
6 24 1
7 24 1
9 24 1
126 24 1
126 24 1
143 24 1
3 24 1
31 24 1
12 24 2
14 24 2
44 24 1
44 24 1
44 24 3
5 24 1
133 24 1
55 24 1
69 24 1
69 24 2
238 24 3
89 24 1
3 24 1
104 24 1
73 24 1
47 24 1
56 24 3
146 24 1
144 24 1
144 24 1
117 24 1
260 24 1
221 24 2
276 24 1
76 24 1
76 24 1
146 24 1
146 24 2
0 36 1
107 36 1
107 36 1
107 36 1
62 36 1
27 36 1
27 36 2
10 36 1
12 36 1
13 36 1
63 36 3
32 36 1
66 36 1
114 36 1
84 36 1
75 36 1
55 36 4
69 36 2
235 36 5
246 36 1
27 36 1
109 36 1
83 36 1
67 36 1
144 36 1
87 36 1
116 36 1
87 36 1
87 36 1
6 56 1
66 56 4
92 56 1
237 56 1
52 56 4
69 56 1
24 56 3
276 56 1
93 56 2
62 144 1
44 144 1
44 144 3
66 144 1
140 144 2
130 144 1
51 144 3
273 144 1
24 144 1
24 144 1
36 144 1
93 144 1
8 116 1
8 116 2
9 116 1
31 116 6
40 116 1
43 116 1
278 116 5
22 116 1
22 116 2
33 116 1
33 116 5
35 116 2
36 116 1
135 116 1
76 116 3
125 116 7
125 116 2
8 117 2
9 117 1
10 117 3
61 117 1
134 117 1
48 117 1
279 117 4
85 117 1
22 117 1
22 117 3
22 117 1
33 117 2
33 117 3
54 117 3
246 117 1
24 117 1
138 117 1
86 117 4
125 117 2
125 117 2
8 118 1
143 118 1
143 118 3
31 118 1
31 118 16
134 118 1
68 118 1
22 118 2
22 118 3
33 118 12
33 118 1
33 118 2
247 118 2
238 118 1
86 118 3
59 118 3
119 118 8
29 70 1
62 70 2
10 70 4
10 70 9
134 70 1
22 70 5
22 70 2
33 70 2
33 70 3
235 70 1
76 70 2
135 70 1
135 70 1
124 70 6
10 189 1
13 189 1
13 189 1
4 189 1
14 189 6
63 189 2
42 189 1
42 189 4
134 189 1
114 189 1
19 189 1
31 189 4
194 189 3
148 189 2
154 189 1
194 189 1
125 189 1
10 211 1
10 211 2
13 211 1
4 211 3
14 211 7
63 211 3
15 211 1
42 211 4
106 211 2
10 211 3
150 211 2
152 211 1
13 190 1
4 190 1
14 190 3
63 190 3
42 190 3
114 190 1
31 190 1
10 190 1
150 190 3
9 123 1
126 123 1
126 123 1
31 123 1
31 123 1
10 123 3
14 123 1
65 123 1
45 123 1
21 123 1
121 123 2
121 123 1
246 123 1
93 123 1
89 93 1
8 93 2
31 93 2
11 93 2
11 93 4
12 93 4
134 93 3
21 93 1
56 93 2
144 93 1
31 93 1
11 93 1
54 93 2
35 93 2
123 93 1
221 93 1
139 142 1
66 142 1
49 142 2
85 142 1
122 142 1
6 57 1
44 57 1
44 57 1
85 57 1
115 57 1
92 260 1
92 260 1
85 260 1
35 260 2
24 260 1
122 260 1
60 260 1
61 248 1
140 248 2
54 248 2
115 248 1
38 248 2
87 248 1
74 277 3
122 277 1
221 277 1
6 58 1
262 58 4
235 58 1
101 58 1
115 58 1
276 58 1
192 58 1
64 221 1
255 221 3
95 221 2
24 221 2
11 221 1
12 221 1
122 221 1
93 221 1
277 221 1
192 221 1
130 276 2
137 276 2
235 276 1
24 276 1
122 276 1
115 276 1
56 276 1
58 276 1
213 276 1
71 135 1
71 135 8
62 135 2
10 135 1
91 135 1
40 135 1
73 135 1
134 135 3
20 135 2
275 135 3
70 135 1
70 135 1
61 135 1
40 135 1
122 135 1
116 135 1
38 135 1
6 59 1
26 59 1
78 59 5
143 59 2
31 59 1
81 59 1
44 59 1
66 59 1
134 59 2
112 59 1
21 59 1
275 59 4
118 59 3
143 59 1
61 59 1
40 59 2
115 59 1
60 59 1
2 76 2
101 76 1
71 76 7
91 76 1
134 76 3
278 76 1
278 76 1
278 76 5
236 76 1
236 76 4
24 76 1
24 76 1
116 76 3
70 76 2
26 86 2
78 86 3
81 86 2
83 86 1
134 86 2
279 86 2
279 86 4
236 86 3
117 86 4
61 86 1
40 86 1
118 86 3
9 124 1
9 124 2
40 124 1
48 124 2
48 124 1
49 124 1
49 124 3
49 124 5
85 124 1
85 124 1
85 124 2
85 124 5
115 124 1
20 124 3
21 124 4
33 124 2
35 124 2
70 124 6
122 124 1
115 124 1
121 124 1
141 124 1
25 124 2
25 124 2
191 124 1
212 124 3
212 124 1
8 119 4
78 119 1
62 119 1
61 119 1
40 119 2
48 119 3
48 119 1
68 119 1
49 119 2
49 119 3
49 119 7
85 119 1
85 119 1
85 119 6
20 119 3
21 119 3
22 119 1
22 119 4
33 119 4
121 119 2
54 119 1
236 119 1
118 119 8
115 119 1
121 119 1
138 119 1
151 119 1
37 119 4
191 119 1
191 119 1
0 37 2
9 37 1
143 37 1
62 37 1
68 37 4
19 37 1
49 37 3
49 37 1
49 37 5
85 37 8
85 37 2
85 37 11
21 37 2
22 37 1
54 37 1
138 37 1
119 37 4
115 37 2
121 37 1
54 37 1
238 37 1
25 37 1
192 37 3
1 25 2
48 25 4
68 25 3
49 25 7
49 25 1
49 25 10
85 25 5
85 25 1
85 25 6
122 25 2
20 25 1
21 25 1
121 25 1
35 25 1
35 25 2
141 25 1
141 25 1
124 25 2
124 25 2
122 25 2
35 25 2
235 25 1
37 25 1
125 25 1
213 25 1
213 25 3
43 253 1
44 253 2
256 253 2
183 253 1
183 253 2
19 253 1
23 253 3
274 253 1
65 254 1
66 254 1
257 254 1
258 254 3
34 254 3
235 254 1
275 254 1
273 254 1
212 254 1
92 261 2
252 261 3
23 261 3
274 261 1
273 261 1
236 261 2
140 265 1
237 265 1
264 265 4
34 265 3
238 265 1
273 265 2
236 265 2
6 60 1
11 60 1
44 60 1
44 60 4
46 60 1
21 60 1
138 60 1
260 60 1
59 60 1
255 60 1
74 60 1
146 60 2
146 60 2
239 60 3
0 38 1
12 38 1
66 38 1
66 38 2
237 38 3
67 38 1
67 38 1
21 38 1
55 38 1
69 38 1
248 38 2
135 38 1
130 38 1
262 38 1
246 38 1
87 38 2
87 38 4
145 146 1
3 146 1
72 146 1
72 146 4
11 146 1
14 146 3
14 146 1
15 146 1
47 146 2
49 146 1
49 146 7
20 146 1
51 146 2
51 146 1
75 146 5
24 146 2
24 146 1
60 146 2
60 146 2
24 146 1
26 87 1
80 87 1
80 87 3
80 87 1
11 87 1
12 87 2
63 87 2
237 87 2
264 87 1
262 87 1
85 87 3
52 87 2
34 87 3
75 87 1
75 87 1
69 87 1
36 87 1
36 87 1
248 87 1
38 87 2
38 87 4
67 87 1
36 87 1
63 191 2
44 191 2
256 191 1
48 191 1
122 191 1
138 191 1
138 191 3
138 191 1
238 191 2
238 191 4
124 191 1
119 191 1
119 191 1
31 191 1
51 191 1
14 212 2
63 212 2
66 212 1
115 212 1
141 212 3
235 212 1
235 212 4
124 212 3
124 212 1
254 212 1
10 212 1
52 212 1
12 213 1
63 213 5
259 213 1
259 213 1
49 213 1
122 213 2
53 213 1
121 213 1
141 213 4
235 213 2
276 213 1
25 213 1
25 213 3
10 213 1
51 213 1
31 192 1
14 192 6
263 192 1
85 192 1
115 192 1
53 192 1
121 192 1
138 192 6
238 192 1
238 192 3
58 192 1
221 192 1
37 192 3
31 192 1
52 192 1
14 193 5
63 193 1
64 193 2
155 193 9
31 193 3
152 193 2
125 193 3
151 193 2
151 193 2
31 194 1
31 194 1
10 194 2
11 194 1
4 194 1
63 194 1
155 194 13
134 194 1
189 194 1
31 194 4
189 194 3
151 194 1
149 194 3
148 194 1
148 194 1
125 194 2
136 194 1
151 194 2
149 194 8
149 194 6
31 148 2
10 148 5
4 148 2
14 148 1
14 148 2
63 148 2
155 148 1
155 148 17
165 148 11
194 148 2
147 148 1
31 148 1
10 148 2
189 148 2
154 148 1
125 148 1
149 148 3
159 148 3
159 148 2
31 154 2
10 154 2
12 154 1
13 154 1
63 154 1
165 154 21
148 154 1
153 154 2
31 154 1
10 154 3
168 154 1
189 154 1
232 154 1
232 154 1
232 154 1
163 154 3
31 157 3
10 157 1
13 157 1
13 157 1
63 157 1
165 157 5
266 157 1
266 157 12
156 157 2
31 157 5
10 157 3
168 157 2
166 157 2
166 157 2
31 195 4
10 195 3
4 195 1
266 195 9
266 195 15
114 195 1
31 195 6
10 195 2
223 195 2
166 195 1
171 195 2
171 195 1
11 164 1
266 164 3
268 164 12
161 164 1
31 164 2
10 164 4
232 164 1
280 164 9
31 169 9
10 169 11
10 169 1
268 169 5
268 169 16
167 169 1
31 169 10
10 169 4
12 169 1
216 169 1
137 169 2
226 169 3
199 169 3
269 169 1
196 169 1
224 169 1
224 169 1
226 169 1
280 169 5
269 169 3
269 169 2
269 169 4
31 196 7
10 196 4
10 196 2
12 196 1
268 196 3
270 196 15
215 196 1
209 196 1
112 196 1
169 196 1
31 196 1
12 196 1
175 196 1
111 196 1
137 196 1
226 196 1
199 196 4
280 196 1
226 196 4
226 196 2
226 196 9
271 196 9
271 196 1
31 197 5
10 197 4
11 197 1
31 197 1
10 197 1
31 198 6
10 198 8
4 198 1
214 198 1
249 198 10
131 198 2
31 198 1
10 198 7
180 198 1
227 198 1
218 198 1
251 198 1
251 198 3
251 198 3
178 180 2
31 180 2
200 180 3
201 180 1
201 180 4
220 180 4
249 180 2
134 180 1
188 180 2
204 180 1
205 180 2
206 180 2
243 180 1
95 180 2
137 180 3
244 180 1
217 180 1
198 180 1
10 180 1
206 180 1
243 180 1
228 180 1
228 180 1
251 180 3
251 180 2
181 180 2
181 180 9
181 180 1
9 125 1
9 125 3
127 125 1
127 125 0
155 125 1
134 125 1
134 125 1
17 125 1
17 125 0
22 125 2
246 125 2
116 125 7
116 125 2
117 125 2
117 125 2
189 125 1
193 125 3
194 125 2
148 125 1
11 125 1
61 125 4
231 125 2
25 125 1
136 125 4
151 125 3
149 125 1
71 136 1
11 136 1
155 136 3
155 136 17
165 136 1
194 136 1
11 136 3
12 136 1
219 136 1
51 136 1
125 136 4
232 136 1
223 136 1
225 136 2
267 136 1
149 136 9
149 136 3
159 136 3
159 136 2
165 232 6
165 232 31
95 232 1
154 232 1
154 232 2
12 232 1
120 232 1
164 232 1
136 232 1
165 222 2
165 222 4
266 222 14
266 222 2
95 222 1
137 222 3
11 222 1
12 222 1
120 222 1
219 222 1
223 222 1
166 222 2
266 223 6
266 223 21
95 223 1
195 223 2
11 223 1
136 223 1
222 223 1
224 223 1
171 223 1
171 223 6
171 223 2
268 224 30
95 224 2
137 224 2
169 224 1
169 224 1
11 224 1
12 224 2
184 224 1
223 224 1
225 224 1
171 224 1
280 224 8
268 225 2
137 225 3
224 225 1
11 225 2
12 225 2
136 225 2
270 226 23
270 226 7
270 226 1
95 226 1
137 226 1
169 226 1
196 226 5
196 226 4
196 226 6
11 226 7
12 226 3
169 226 3
196 226 1
199 226 3
199 226 1
199 226 2
199 226 1
271 226 5
271 226 5
233 226 1
270 199 5
270 199 3
226 199 1
226 199 3
31 199 5
10 199 4
11 199 1
12 199 6
175 199 1
95 199 2
169 199 3
196 199 4
226 199 3
233 199 4
233 199 1
233 199 2
249 227 9
95 227 2
137 227 1
112 227 1
198 227 1
11 227 2
12 227 1
61 227 1
95 227 1
218 227 1
218 227 1
251 227 2
251 227 1
249 228 1
249 228 6
134 228 2
95 228 1
137 228 1
180 228 1
11 228 2
12 228 1
180 228 1
251 228 1
42 250 2
155 250 4
155 250 3
165 250 2
165 250 4
266 250 2
266 250 4
111 250 1
112 250 2
267 250 6
229 250 2
267 250 3
267 250 4
151 250 1
229 250 1
229 250 2
230 250 1
151 250 1
151 250 3
149 250 1
159 250 1
163 250 2
166 250 2
166 250 3
171 250 1
219 267 1
155 267 2
155 267 4
165 267 4
266 267 5
266 267 4
111 267 1
114 267 1
114 267 2
137 267 1
131 267 1
131 267 1
28 267 1
112 267 2
136 267 1
250 267 4
250 267 3
250 267 6
229 267 2
229 267 4
229 267 1
151 267 2
149 267 1
149 267 1
163 267 1
163 267 4
166 267 5
171 267 1
11 229 1
42 229 1
155 229 1
155 229 1
165 229 4
266 229 1
266 229 4
268 229 2
268 229 10
111 229 1
114 229 1
114 229 1
131 229 1
131 229 1
84 229 1
28 229 4
250 229 2
250 229 1
267 229 1
267 229 4
268 229 1
250 229 2
267 229 2
230 229 1
239 229 2
230 229 4
239 229 1
151 229 1
149 229 1
159 229 1
163 229 2
166 229 3
166 229 1
171 229 3
171 229 1
280 229 5
11 230 1
91 230 1
250 230 1
229 230 3
229 230 1
128 230 1
229 230 1
239 230 1
239 230 1
239 230 1
127 239 1
128 239 1
111 239 2
106 239 1
106 239 3
68 239 1
112 239 1
60 239 3
229 239 1
230 239 1
230 239 1
229 239 2
230 239 1
147 151 5
81 151 1
150 151 17
152 151 2
120 151 21
155 151 1
28 151 1
193 151 2
193 151 2
194 151 2
125 151 3
250 151 4
267 151 2
229 151 1
155 151 4
111 151 5
50 151 1
51 151 2
119 151 1
194 151 1
250 151 1
149 151 7
153 149 10
156 149 1
14 149 1
150 149 1
152 149 11
120 149 15
155 149 1
155 149 1
194 149 6
194 149 8
148 149 3
125 149 1
136 149 3
136 149 9
250 149 1
267 149 2
229 149 1
147 149 1
155 149 2
194 149 3
151 149 7
159 149 2
156 159 15
12 159 1
14 159 1
152 159 5
158 159 25
120 159 1
231 159 23
165 159 1
148 159 2
148 159 3
136 159 2
136 159 3
250 159 1
229 159 1
18 159 1
149 159 2
163 159 1
160 163 11
158 163 6
184 163 12
185 163 4
231 163 14
162 163 9
165 163 1
114 163 2
154 163 3
250 163 2
267 163 5
229 163 2
165 163 2
84 163 1
159 163 1
166 163 1
161 166 9
10 166 1
184 166 15
168 166 1
185 166 3
231 166 1
162 166 26
133 166 1
133 166 1
157 166 1
157 166 1
157 166 2
195 166 1
222 166 2
250 166 5
267 166 5
229 166 4
84 166 1
163 166 1
171 166 2
167 171 13
31 171 1
168 171 16
185 171 3
162 171 7
219 171 13
131 171 1
195 171 1
195 171 2
223 171 2
223 171 7
224 171 1
250 171 1
267 171 1
229 171 4
166 171 2
280 171 1
131 280 1
164 280 9
169 280 5
224 280 8
229 280 5
196 280 1
171 280 1
268 269 1
169 269 1
169 269 3
169 269 5
268 269 1
169 269 1
270 271 1
196 271 10
226 271 10
216 271 1
233 271 5
270 233 1
208 233 1
226 233 1
199 233 2
199 233 5
12 233 1
270 233 1
111 233 4
271 233 5
10 218 2
128 218 1
215 218 1
198 218 1
227 218 1
227 218 1
42 251 4
131 251 1
198 251 3
198 251 4
180 251 2
180 251 3
227 251 1
227 251 2
228 251 1
178 181 2
10 181 2
10 181 2
201 181 1
220 181 2
179 181 3
177 181 2
177 181 2
95 181 1
137 181 1
133 181 1
180 181 1
180 181 11
18 181 2
153 281 11
156 281 12
160 281 9
161 281 10
167 281 10
174 281 1
178 281 2
127 281 2
128 281 4
40 281 1
40 281 1
42 281 10
150 281 16
152 281 15
158 281 30
184 281 26
168 281 17
185 281 6
250 281 1
229 281 3
147 281 13
201 281 1
120 281 3
231 281 24
162 281 25
219 281 6
155 281 34
165 281 28
266 281 32
270 281 1
249 281 1
175 281 1
175 281 4
106 281 7
114 281 5
114 281 1
256 281 1
256 281 4
257 281 1
257 281 6
46 281 1
46 281 12
237 281 1
237 281 12
259 281 3
259 281 6
263 281 1
263 281 9
179 281 2
177 281 2
278 281 1
210 281 1
210 281 2
131 281 2
131 281 1
133 281 2
133 281 1
22 281 3
22 281 1
33 281 3
33 281 1
54 281 4
35 281 3
35 281 2
141 281 1
141 281 7
138 281 10
55 281 9
55 281 2
69 281 3
69 281 1
238 281 3
238 281 6
235 281 6
235 281 3
275 281 10
274 281 12
273 281 15
236 281 5
246 281 2
246 281 1
24 281 3
24 281 1
36 281 3
56 281 7
56 281 1
144 281 5
144 281 2
135 281 3
135 281 5
59 281 3
59 281 7
76 281 3
76 281 3
86 281 3
86 281 3
124 281 4
124 281 1
119 281 3
37 281 3
25 281 3
25 281 1
253 281 1
253 281 5
254 281 2
254 281 5
261 281 6
261 281 3
265 281 1
265 281 7
193 281 11
194 281 19
148 281 29
154 281 25
157 281 19
195 281 20
164 281 27
169 281 23
196 281 20
198 281 18
180 281 14
125 281 5
136 281 26
232 281 35
222 281 20
223 281 22
224 281 28
225 281 2
226 281 32
199 281 24
227 281 20
228 281 14
250 281 5
267 281 9
267 281 1
229 281 8
230 281 4
230 281 3
239 281 2
282 281 1
151 281 12
149 281 22
159 281 23
163 281 25
166 281 26
171 281 27
280 281 24
269 281 25
271 281 28
233 281 22
218 281 11
251 281 13
181 281 12
