1 0 1
2 0 1
2 1 1
3 0 1
4 0 1
4 1 1
5 0 1
5 1 1
5 2 1
6 0 1
6 1 1
6 2 1
6 3 1
6 4 1
6 5 1
7 0 1
7 1 1
7 2 1
7 5 1
7 6 1
8 0 1
8 1 1
8 2 1
9 0 1
9 1 1
9 2 1
9 6 1
9 7 1
11 6 1
12 0 1
12 1 1
12 2 1
12 6 1
12 7 1
12 8 1
12 9 1
13 0 1
13 2 1
13 5 1
13 6 1
13 9 1
14 1 1
14 2 1
14 5 1
14 6 1
14 7 1
14 9 1
14 13 1
15 2 1
15 4 1
15 7 1
15 12 1
15 13 1
15 14 1
16 0 1
16 9 1
17 2 1
17 4 1
17 14 1
18 0 1
18 2 1
18 4 1
18 5 1
18 6 1
18 7 1
18 9 1
18 12 1
18 13 1
19 0 1
19 18 1
20 6 1
20 8 1
20 9 1
21 9 1
22 4 1
22 14 1
22 15 1
23 1 1
23 5 1
23 6 1
23 8 1
23 9 1
23 12 1
23 13 1
23 15 1
23 17 1
24 2 1
24 3 1
24 4 1
24 5 1
24 6 1
24 7 1
24 9 1
24 12 1
24 14 1
24 15 1
24 16 1
24 18 1
24 23 1
25 3 1
25 7 1
25 13 1
25 14 1
25 18 1
25 24 1
26 1 1
26 2 1
26 12 1
26 14 1
26 15 1
26 16 1
26 18 1
26 23 1
26 24 1
26 25 1
27 0 1
27 5 1
27 6 1
27 7 1
27 8 1
28 16 1
29 0 1
29 5 1
29 21 1
29 24 1
30 0 1
30 26 1
31 5 1
31 13 1
31 18 1
32 0 1
32 1 1
32 18 1
32 26 1
33 0 1
33 2 1
33 3 1
33 5 1
33 7 1
33 9 1
33 14 1
33 15 1
33 18 1
34 15 1
34 18 1
34 20 1
34 24 1
34 27 1
34 33 1
35 26 1
36 0 1
36 16 1
36 25 1
37 9 1
38 2 1
38 5 1
38 6 1
38 7 1
38 9 1
38 15 1
38 23 1
38 37 1
39 2 1
39 5 1
39 6 1
39 8 1
39 10 1
39 12 1
39 18 1
39 23 1
39 24 1
39 26 1
39 33 1
39 38 1
40 0 1
40 5 1
40 9 1
40 12 1
40 32 1
40 33 1
41 0 1
41 7 1
41 12 1
41 14 1
41 15 1
41 17 1
41 18 1
41 24 1
41 26 1
41 27 1
42 7 1
42 8 1
42 9 1
42 12 1
42 18 1
42 24 1
42 34 1
42 38 1
42 40 1
43 1 1
43 2 1
43 5 1
43 8 1
43 12 1
43 13 1
43 26 1
43 30 1
43 32 1
43 33 1
43 36 1
43 39 1
43 40 1
43 41 1
43 42 1
44 0 1
44 2 1
44 3 1
44 6 1
44 7 1
44 9 1
44 12 1
44 13 1
44 14 1
44 15 1
44 16 1
44 18 1
44 23 1
44 31 1
44 38 1
44 41 1
45 0 1
45 1 1
45 2 1
45 9 1
45 12 1
45 14 1
45 15 1
45 24 1
45 25 1
45 26 1
45 27 1
45 37 1
46 1 1
46 2 1
46 8 1
46 13 1
46 15 1
46 24 1
46 26 1
46 27 1
46 38 1
46 44 1
46 45 1
47 0 1
47 2 1
47 4 1
47 5 1
47 6 1
47 7 1
47 9 1
47 12 1
47 13 1
47 14 1
47 18 1
47 24 1
47 26 1
47 33 1
47 38 1
47 42 1
47 44 1
47 45 1
47 46 1
48 0 1
48 7 1
48 9 1
48 13 1
48 14 1
48 18 1
48 25 1
48 26 1
48 38 1
48 39 1
48 40 1
48 43 1
48 44 1
48 45 1
48 47 1
49 0 1
49 2 1
49 5 1
49 6 1
49 7 1
49 9 2
49 13 2
49 16 2
49 20 2
49 24 2
49 25 2
49 29 2
49 38 2
49 41 2
49 44 2
49 46 2
49 47 2
49 48 2
50 14 2
50 24 2
50 44 2
50 47 2
50 48 2
51 2 2
51 5 2
51 6 2
51 13 2
51 39 2
51 45 2
52 3 2
52 4 2
52 5 2
52 7 2
52 18 2
52 23 2
52 24 2
52 25 2
52 34 2
52 41 2
52 42 2
52 47 2
53 2 2
53 14 2
53 39 2
54 0 2
54 1 2
54 2 2
54 6 2
54 7 2
54 9 2
54 14 2
54 15 2
54 19 2
54 23 2
54 30 2
54 33 2
54 36 2
54 38 2
54 39 2
54 41 2
54 44 2
54 50 2
54 53 2
55 0 2
55 1 2
55 2 2
55 4 2
55 5 2
55 6 2
55 7 2
55 9 2
55 12 2
55 13 2
55 14 2
55 16 2
55 23 2
55 24 2
55 26 2
55 30 2
55 33 2
55 37 2
55 38 2
55 41 2
55 45 2
55 47 2
55 48 2
55 49 2
55 54 2
56 0 2
56 2 2
56 4 2
56 6 2
56 7 2
56 9 2
56 12 2
56 13 2
56 16 2
56 18 2
56 24 2
56 25 2
56 26 2
56 33 2
56 36 2
56 39 2
56 41 2
56 42 2
56 45 2
56 46 2
56 47 2
56 48 2
56 49 2
56 51 2
56 52 2
56 54 2
56 55 2
57 1 2
57 2 2
57 4 2
57 6 2
57 9 2
57 12 2
57 18 2
57 19 2
57 20 2
57 23 2
57 33 2
57 38 3
57 40 3
57 41 3
57 45 3
57 47 3
57 48 3
57 49 3
57 52 3
57 56 3
58 7 3
59 5 3
59 18 3
60 5 3
60 7 3
60 46 3
60 48 3
60 54 3
61 18 3
62 18 3
62 47 3
63 47 3
64 0 3
64 1 3
64 15 3
64 55 3
65 4 3
65 23 3
65 24 3
65 32 3
65 43 3
65 45 3
65 49 3
65 51 3
66 1 3
66 2 3
66 6 3
66 9 3
66 18 3
66 47 3
66 56 3
67 13 3
67 56 3
68 4 3
68 6 3
68 8 3
68 14 3
68 38 3
68 46 3
68 56 3
69 0 3
69 37 3
71 0 3
71 1 3
71 2 3
71 5 3
71 6 3
71 7 3
71 13 3
71 14 3
71 15 3
71 16 3
71 19 3
71 24 3
71 26 4
71 33 4
71 39 4
71 43 4
71 44 4
71 46 4
71 47 4
71 49 4
71 60 4
71 66 4
72 0 4
72 2 4
72 6 4
72 9 4
72 12 4
72 14 4
72 15 4
72 24 4
72 38 4
72 47 4
72 48 4
72 49 4
72 51 4
72 55 4
72 71 4
73 6 4
73 12 4
73 43 4
74 8 4
74 26 4
74 33 4
74 49 4
75 49 5
75 55 5
76 0 5
76 1 5
76 7 5
76 12 5
76 16 5
76 26 5
76 38 5
76 42 5
76 51 5
78 2 5
78 12 5
78 23 5
78 24 5
78 26 5
78 54 5
78 67 5
79 14 5
79 18 5
79 24 6
79 55 6
79 56 6
80 12 6
80 15 6
80 20 6
80 22 6
80 26 6
80 42 6
80 47 6
80 56 6
80 64 6
80 71 7
80 74 7
82 16 7
82 48 7
83 47 7
84 4 7
84 8 7
85 2 7
85 4 7
85 9 7
85 12 7
85 14 7
85 34 7
85 48 7
86 2 7
86 60 7
86 78 7
87 9 7
87 24 8
87 26 8
88 14 8
89 2 8
89 5 8
89 9 8
89 14 8
89 17 8
89 18 8
89 24 8
89 38 8
89 42 9
89 45 9
89 56 9
89 78 9
90 62 9
91 18 9
91 56 10
92 6 10
92 18 10
92 19 10
92 23 10
92 24 10
92 26 11
92 67 11
92 90 11
93 79 12
94 27 12
94 30 12
94 68 12
95 48 13
95 77 13
96 0 13
96 2 13
96 5 13
96 7 13
96 9 13
96 18 13
96 21 14
96 25 14
96 26 14
96 31 14
96 32 14
96 38 15
96 44 15
96 45 15
96 47 16
96 48 16
96 57 16
96 72 17
96 74 17
96 77 18
98 2 18
98 4 18
98 9 18
98 18 19
98 24 19
98 26 19
98 29 19
98 30 22
98 44 22
98 47 22
98 52 23
98 60 24
98 72 24
98 86 24
98 89 25
98 96 25
99 38 26
99 48 27
99 59 28
99 96 29
100 0 30
100 99 31
101 23 33
101 57 33
102 1 34
102 6 34
102 9 35
102 12 37
102 14 37
102 47 40
102 48 42
102 54 45
102 80 46
102 89 47
103 13 52
103 46 55
103 55 57
103 85 60
