dim 0
0 0 0 0 0 0 0 0 0 0 0 0 0 0 0 0 0 0 0 0 0 0 0 0 0 0 0 0 0 0 0 0 0 0 0 0 0 0 0 0 0 0 0 0 0 0 0 0 0 0 0 0 0 0 0 0 0 0 0 0 0 0 0 0 0 0 0 0 0 0 0 0 0 0 0 0 0 0 0 0 0 0 0 0 0 0 0 0 0 0 0 0 0 0 0 0 0 0 0 0 0 0 0 0 0 
dim 1
1 0 1
2 0 1
2 1 1
3 0 1
3 1 1
3 2 1
4 0 1
4 1 1
4 2 1
4 3 1
5 0 1
5 1 1
5 2 1
5 3 1
5 4 1
6 0 1
6 1 1
6 2 1
6 3 1
6 4 1
6 5 1
7 0 1
7 1 1
7 2 1
7 3 1
7 4 1
7 5 1
7 6 1
8 0 1
8 1 1
8 2 1
8 3 1
8 4 1
8 5 1
8 6 1
8 7 1
9 0 1
9 1 1
9 2 1
9 3 1
9 4 1
9 5 1
9 6 1
9 7 1
9 8 1
10 0 1
10 1 1
10 2 1
10 3 1
10 4 1
10 5 1
10 6 1
10 7 1
10 8 1
10 9 1
11 0 1
11 1 1
11 2 1
11 3 1
11 4 1
11 5 1
11 6 1
11 7 1
11 8 1
11 9 1
11 10 1
12 0 1
12 1 1
12 2 1
12 3 1
12 4 1
12 5 1
12 6 1
12 7 1
12 8 1
12 9 1
12 10 1
12 11 1
13 0 1
13 1 1
13 2 1
13 3 1
13 4 1
13 5 1
13 6 1
13 7 1
13 8 1
13 9 1
13 10 1
13 11 1
13 12 1
14 0 1
14 1 1
14 2 1
14 3 1
14 4 1
14 5 1
14 6 1
14 7 1
14 8 1
14 9 1
14 10 1
14 11 1
14 12 1
14 13 1
15 0 1
15 1 1
15 2 1
15 3 1
15 4 1
15 5 1
15 6 1
15 7 1
15 8 1
15 9 1
15 10 1
15 11 1
15 12 1
15 13 1
15 14 1
16 0 1
16 1 1
16 2 1
16 3 1
16 4 1
16 5 1
16 6 1
16 7 1
16 8 1
16 9 1
16 10 1
16 11 1
16 12 1
16 13 1
16 14 1
16 15 1
17 0 1
17 1 1
17 2 1
17 3 1
17 4 1
17 5 1
17 6 1
17 7 1
17 8 1
17 9 1
17 10 1
17 11 1
17 12 1
17 13 1
17 14 1
17 15 1
17 16 1
18 0 1
18 1 1
18 2 1
18 3 1
18 4 1
18 5 1
18 6 1
18 7 1
18 8 1
18 9 1
18 10 1
18 11 1
18 12 1
18 13 1
18 14 1
18 15 1
18 16 1
18 17 1
19 0 1
19 1 1
19 2 1
19 3 1
19 4 1
19 5 1
19 6 1
19 7 1
19 8 1
19 9 1
19 10 1
19 11 1
19 12 1
19 13 1
19 14 1
19 15 1
19 16 1
19 17 1
19 18 1
20 0 1
20 1 1
20 2 1
20 3 1
20 4 1
20 5 1
20 6 1
20 7 1
20 8 1
20 9 1
20 10 1
20 11 1
20 12 1
20 13 1
20 14 1
20 15 1
20 16 1
20 17 1
20 18 1
20 19 1
21 0 1
21 1 1
21 2 1
21 3 1
21 4 1
21 5 1
21 6 1
21 7 1
21 8 1
21 9 1
21 10 1
21 11 1
21 12 1
21 13 1
21 14 1
21 15 1
21 16 1
21 17 1
21 18 1
21 19 1
21 20 1
22 0 1
22 1 1
22 2 1
22 3 1
22 4 1
22 5 1
22 6 1
22 7 1
22 8 1
22 9 1
22 10 1
22 11 1
22 12 1
22 13 1
22 14 1
22 15 1
22 16 1
22 17 1
22 18 1
22 19 1
22 20 1
22 21 1
23 0 1
23 1 1
23 2 1
23 3 1
23 4 1
23 5 1
23 6 1
23 7 1
23 8 1
23 9 1
23 10 1
23 11 1
23 12 1
23 13 1
23 14 1
23 15 1
23 16 1
23 17 1
23 18 1
23 19 1
23 20 1
23 21 1
23 22 1
24 0 1
24 1 1
24 2 1
24 3 1
24 4 1
24 5 1
24 6 1
24 7 1
24 8 1
24 9 1
24 10 1
24 11 1
24 12 1
24 13 1
24 14 1
24 15 1
24 16 1
24 17 1
24 18 1
24 19 1
24 20 1
24 21 1
24 22 1
24 23 1
25 0 1
25 1 1
25 2 1
25 3 1
25 4 1
25 5 1
25 6 1
25 7 1
25 8 1
25 9 1
25 10 1
25 11 1
25 12 1
25 13 1
25 14 1
25 15 1
25 16 1
25 17 1
25 18 1
25 19 1
25 20 1
25 21 1
25 22 1
25 23 1
25 24 1
26 0 1
26 1 1
26 2 1
26 3 1
26 4 1
26 5 1
26 6 1
26 7 1
26 8 1
26 9 1
26 10 1
26 11 1
26 12 1
26 13 1
26 14 1
26 15 1
26 16 1
26 17 1
26 18 1
26 19 1
26 20 1
26 21 1
26 22 1
26 23 1
26 24 1
26 25 1
27 0 1
27 1 1
27 2 1
27 3 1
27 4 1
27 5 1
27 6 1
27 7 1
27 8 1
27 9 1
27 10 1
27 11 1
27 12 1
27 13 1
27 14 1
27 15 1
27 16 1
27 17 1
27 18 1
27 19 1
27 20 1
27 21 1
27 22 1
27 23 1
27 24 1
27 25 1
27 26 1
28 0 1
28 1 1
28 2 1
28 3 1
28 4 1
28 5 1
28 6 1
28 7 1
28 8 1
28 9 1
28 10 1
28 11 1
28 12 1
28 13 1
28 14 1
28 15 1
28 16 1
28 17 1
28 18 1
28 19 1
28 20 1
28 21 1
28 22 1
28 23 1
28 24 1
28 25 1
28 26 1
28 27 1
29 0 1
29 1 1
29 2 1
29 3 1
29 4 1
29 5 1
29 6 1
29 7 1
29 8 1
29 9 1
29 10 1
29 11 1
29 12 1
29 13 1
29 14 1
29 15 1
29 16 1
29 17 1
29 18 1
29 19 1
29 20 1
29 21 1
29 22 1
29 23 1
29 24 1
29 25 1
29 26 1
29 27 1
29 28 1
30 0 1
30 1 1
30 2 1
30 3 1
30 4 1
30 5 1
30 6 1
30 7 1
30 8 1
30 9 1
30 10 1
30 11 1
30 12 1
30 13 1
30 14 1
30 15 1
30 16 1
30 17 1
30 18 1
30 19 1
30 20 1
30 21 1
30 22 1
30 23 1
30 24 1
30 25 1
30 26 1
30 27 1
30 28 1
30 29 1
31 0 1
31 1 1
31 2 1
31 3 1
31 4 1
31 5 1
31 6 1
31 7 1
31 8 1
31 9 1
31 10 1
31 11 1
31 12 1
31 13 1
31 14 1
31 15 1
31 16 1
31 17 1
31 18 1
31 19 1
31 20 1
31 21 1
31 22 1
31 23 1
31 24 1
31 25 1
31 26 1
31 27 1
31 28 1
31 29 1
31 30 1
32 0 1
32 1 1
32 2 1
32 3 1
32 4 1
32 5 1
32 6 1
32 7 1
32 8 1
32 9 1
32 10 1
32 11 1
32 12 1
32 13 1
32 14 1
32 15 1
32 16 1
32 17 1
32 18 1
32 19 1
32 20 1
32 21 1
32 22 1
32 23 1
32 24 1
32 25 1
32 26 1
32 27 1
32 28 1
32 29 1
32 30 1
32 31 1
33 0 1
33 1 1
33 2 1
33 3 1
33 4 1
33 5 1
33 6 1
33 7 1
33 8 1
33 9 1
33 10 1
33 11 1
33 12 1
33 13 1
33 14 1
33 15 1
33 16 1
33 17 1
33 18 1
33 19 1
33 20 1
33 21 1
33 22 1
33 23 1
33 24 1
33 25 1
33 26 1
33 27 1
33 28 1
33 29 1
33 30 1
33 31 1
33 32 1
34 0 1
34 1 1
34 2 1
34 3 1
34 4 1
34 5 1
34 6 1
34 7 1
34 8 1
34 9 1
34 10 1
34 11 1
34 12 1
34 13 1
34 14 1
34 15 1
34 16 1
34 17 1
34 18 1
34 19 1
34 20 1
34 21 1
34 22 1
34 23 1
34 24 1
34 25 1
34 26 1
34 27 1
34 28 1
34 29 1
34 30 1
34 31 1
34 32 1
34 33 1
35 0 1
35 1 1
35 2 1
35 3 1
35 4 1
35 5 1
35 6 1
35 7 1
35 8 1
35 9 1
35 10 1
35 11 1
35 12 1
35 13 1
35 14 1
35 15 1
35 16 1
35 17 1
35 18 1
35 19 1
35 20 1
35 21 1
35 22 1
35 23 1
35 24 1
35 25 1
35 26 1
35 27 1
35 28 1
35 29 1
35 30 1
35 31 1
35 32 1
35 33 1
35 34 1
36 0 1
36 1 1
36 2 1
36 3 1
36 4 1
36 5 1
36 6 1
36 7 1
36 8 1
36 9 1
36 10 1
36 11 1
36 12 1
36 13 1
36 14 1
36 15 1
36 16 1
36 17 1
36 18 1
36 19 1
36 20 1
36 21 1
36 22 1
36 23 1
36 24 1
36 25 1
36 26 1
36 27 1
36 28 1
36 29 1
36 30 1
36 31 1
36 32 1
36 33 1
36 34 1
36 35 1
37 0 1
37 1 1
37 2 1
37 3 1
37 4 1
37 5 1
37 6 1
37 7 1
37 8 1
37 9 1
37 10 1
37 11 1
37 12 1
37 13 1
37 14 1
37 15 1
37 16 1
37 17 1
37 18 1
37 19 1
37 20 1
37 21 1
37 22 1
37 23 1
37 24 1
37 25 1
37 26 1
37 27 1
37 28 1
37 29 1
37 30 1
37 31 1
37 32 1
37 33 1
37 34 1
37 35 1
37 36 1
38 0 1
38 1 1
38 2 1
38 3 1
38 4 1
38 5 1
38 6 1
38 7 1
38 8 1
38 9 1
38 10 1
38 11 1
38 12 1
38 13 1
38 14 1
38 15 1
38 16 1
38 17 1
38 18 1
38 19 1
38 20 1
38 21 1
38 22 1
38 23 1
38 24 1
38 25 1
38 26 1
38 27 1
38 28 1
38 29 1
38 30 1
38 31 1
38 32 1
38 33 1
38 34 1
38 35 1
38 36 1
38 37 1
39 0 1
39 1 1
39 2 1
39 3 1
39 4 1
39 5 1
39 6 1
39 7 1
39 8 1
39 9 1
39 10 1
39 11 1
39 12 1
39 13 1
39 14 1
39 15 1
39 16 1
39 17 1
39 18 1
39 19 1
39 20 1
39 21 1
39 22 1
39 23 1
39 24 1
39 25 1
39 26 1
39 27 1
39 28 1
39 29 1
39 30 1
39 31 1
39 32 1
39 33 1
39 34 1
39 35 1
39 36 1
39 37 1
39 38 1
40 0 1
40 1 1
40 2 1
40 3 1
40 4 1
40 5 1
40 6 1
40 7 1
40 8 1
40 9 1
40 10 1
40 11 1
40 12 1
40 13 1
40 14 1
40 15 1
40 16 1
40 17 1
40 18 1
40 19 1
40 20 1
40 21 1
40 22 1
40 23 1
40 24 1
40 25 1
40 26 1
40 27 1
40 28 1
40 29 1
40 30 1
40 31 1
40 32 1
40 33 1
40 34 1
40 35 1
40 36 1
40 37 1
40 38 1
40 39 1
41 0 1
41 1 1
41 2 1
41 3 1
41 4 1
41 5 1
41 6 1
41 7 1
41 8 1
41 9 1
41 10 1
41 11 1
41 12 1
41 13 1
41 14 1
41 15 1
41 16 1
41 17 1
41 18 1
41 19 1
41 20 1
41 21 1
41 22 1
41 23 1
41 24 1
41 25 1
41 26 1
41 27 1
41 28 1
41 29 1
41 30 1
41 31 1
41 32 1
41 33 1
41 34 1
41 35 1
41 36 1
41 37 1
41 38 1
41 39 1
41 40 1
42 0 1
42 1 1
42 2 1
42 3 1
42 4 1
42 5 1
42 6 1
42 7 1
42 8 1
42 9 1
42 10 1
42 11 1
42 12 1
42 13 1
42 14 1
42 15 1
42 16 1
42 17 1
42 18 1
42 19 1
42 20 1
42 21 1
42 22 1
42 23 1
42 24 1
42 25 1
42 26 1
42 27 1
42 28 1
42 29 1
42 30 1
42 31 1
42 32 1
42 33 1
42 34 1
42 35 1
42 36 1
42 37 1
42 38 1
42 39 1
42 40 1
42 41 1
43 0 1
43 1 1
43 2 1
43 3 1
43 4 1
43 5 1
43 6 1
43 7 1
43 8 1
43 9 1
43 10 1
43 11 1
43 12 1
43 13 1
43 14 1
43 15 1
43 16 1
43 17 1
43 18 1
43 19 1
43 20 1
43 21 1
43 22 1
43 23 1
43 24 1
43 25 1
43 26 1
43 27 1
43 28 1
43 29 1
43 30 1
43 31 1
43 32 1
43 33 1
43 34 1
43 35 1
43 36 1
43 37 1
43 38 1
43 39 1
43 40 1
43 41 1
43 42 1
44 0 1
44 1 1
44 2 1
44 3 1
44 4 1
44 5 1
44 6 1
44 7 1
44 8 1
44 9 1
44 10 1
44 11 1
44 12 1
44 13 1
44 14 1
44 15 1
44 16 1
44 17 1
44 18 1
44 19 1
44 20 1
44 21 1
44 22 1
44 23 1
44 24 1
44 25 1
44 26 1
44 27 1
44 28 1
44 29 1
44 30 1
44 31 1
44 32 1
44 33 1
44 34 1
44 35 1
44 36 1
44 37 1
44 38 1
44 39 1
44 40 1
44 41 1
44 42 1
44 43 1
45 0 1
45 1 1
45 2 1
45 3 1
45 4 1
45 5 1
45 6 1
45 7 1
45 8 1
45 9 1
45 10 1
45 11 1
45 12 1
45 13 1
45 14 1
45 15 1
45 16 1
45 17 1
45 18 1
45 19 1
45 20 1
45 21 1
45 22 1
45 23 1
45 24 1
45 25 1
45 26 1
45 27 1
45 28 1
45 29 1
45 30 1
45 31 1
45 32 1
45 33 1
45 34 1
45 35 1
45 36 1
45 37 1
45 38 1
45 39 1
45 40 1
45 41 1
45 42 1
45 43 1
45 44 1
46 0 1
46 1 1
46 2 1
46 3 1
46 4 1
46 5 1
46 6 1
46 7 1
46 8 1
46 9 1
46 10 1
46 11 1
46 12 1
46 13 1
46 14 1
46 15 1
46 16 1
46 17 1
46 18 1
46 19 1
46 20 1
46 21 1
46 22 1
46 23 1
46 24 1
46 25 1
46 26 1
46 27 1
46 28 1
46 29 1
46 30 1
46 31 1
46 32 1
46 33 1
46 34 1
46 35 1
46 36 1
46 37 1
46 38 1
46 39 1
46 40 1
46 41 1
46 42 1
46 43 1
46 44 1
46 45 1
47 0 1
47 1 1
47 2 1
47 3 1
47 4 1
47 5 1
47 6 1
47 7 1
47 8 1
47 9 1
47 10 1
47 11 1
47 12 1
47 13 1
47 14 1
47 15 1
47 16 1
47 17 1
47 18 1
47 19 1
47 20 1
47 21 1
47 22 1
47 23 1
47 24 1
47 25 1
47 26 1
47 27 1
47 28 1
47 29 1
47 30 1
47 31 1
47 32 1
47 33 1
47 34 1
47 35 1
47 36 1
47 37 1
47 38 1
47 39 1
47 40 1
47 41 1
47 42 1
47 43 1
47 44 1
47 45 1
47 46 1
48 0 1
48 1 1
48 2 1
48 3 1
48 4 1
48 5 1
48 6 1
48 7 1
48 8 1
48 9 1
48 10 1
48 11 1
48 12 1
48 13 1
48 14 1
48 15 1
48 16 1
48 17 1
48 18 1
48 19 1
48 20 1
48 21 1
48 22 1
48 23 1
48 24 1
48 25 1
48 26 1
48 27 1
48 28 1
48 29 1
48 30 1
48 31 1
48 32 1
48 33 1
48 34 1
48 35 1
48 36 1
48 37 1
48 38 1
48 39 1
48 40 1
48 41 1
48 42 1
48 43 1
48 44 1
48 45 1
48 46 1
48 47 1
49 0 1
49 1 1
49 2 1
49 3 1
49 4 1
49 5 1
49 6 1
49 7 1
49 8 1
49 9 1
49 10 1
49 11 1
49 12 1
49 13 1
49 14 1
49 15 1
49 16 1
49 17 1
49 18 1
49 19 1
49 20 1
49 21 1
49 22 1
49 23 1
49 24 1
49 25 1
49 26 1
49 27 1
49 28 1
49 29 1
49 30 1
49 31 1
49 32 1
49 33 1
49 34 1
49 35 1
49 36 1
49 37 1
49 38 1
49 39 1
49 40 1
49 41 1
49 42 1
49 43 1
49 44 1
49 45 1
49 46 1
49 47 1
49 48 1
50 0 1
50 1 1
50 2 1
50 3 1
50 4 1
50 5 1
50 6 1
50 7 1
50 8 1
50 9 1
50 10 1
50 11 1
50 12 1
50 13 1
50 14 1
50 15 1
50 16 1
50 17 1
50 18 1
50 19 1
50 20 1
50 21 1
50 22 1
50 23 1
50 24 1
50 25 1
50 26 1
50 27 1
50 28 1
50 29 1
50 30 1
50 31 1
50 32 1
50 33 1
50 34 1
50 35 1
50 36 1
50 37 1
50 38 1
50 39 1
50 40 1
50 41 1
50 42 1
50 43 1
50 44 1
50 45 1
50 46 1
50 47 1
50 48 1
50 49 1
51 0 1
51 1 1
51 2 1
51 3 1
51 4 1
51 5 1
51 6 1
51 7 1
51 8 1
51 9 1
51 10 1
51 11 1
51 12 1
51 13 1
51 14 1
51 15 1
51 16 1
51 17 1
51 18 1
51 19 1
51 20 1
51 21 1
51 22 1
51 23 1
51 24 1
51 25 1
51 26 1
51 27 1
51 28 1
51 29 1
51 30 1
51 31 1
51 32 1
51 33 1
51 34 1
51 35 1
51 36 1
51 37 1
51 38 1
51 39 1
51 40 1
51 41 1
51 42 1
51 43 1
51 44 1
51 45 1
51 46 1
51 47 1
51 48 1
51 49 1
51 50 1
52 0 1
52 1 1
52 2 1
52 3 1
52 4 1
52 5 1
52 6 1
52 7 1
52 8 1
52 9 1
52 10 1
52 11 1
52 12 1
52 13 1
52 14 1
52 15 1
52 16 1
52 17 1
52 18 1
52 19 1
52 20 1
52 21 1
52 22 1
52 23 1
52 24 1
52 25 1
52 26 1
52 27 1
52 28 1
52 29 1
52 30 1
52 31 1
52 32 1
52 33 1
52 34 1
52 35 1
52 36 1
52 37 1
52 38 1
52 39 1
52 40 1
52 41 1
52 42 1
52 43 1
52 44 1
52 45 1
52 46 1
52 47 1
52 48 1
52 49 1
52 50 1
52 51 1
53 0 1
53 1 1
53 2 1
53 3 1
53 4 1
53 5 1
53 6 1
53 7 1
53 8 1
53 9 1
53 10 1
53 11 1
53 12 1
53 13 1
53 14 1
53 15 1
53 16 1
53 17 1
53 18 1
53 19 1
53 20 1
53 21 1
53 22 1
53 23 1
53 24 1
53 25 1
53 26 1
53 27 1
53 28 1
53 29 1
53 30 1
53 31 1
53 32 1
53 33 1
53 34 1
53 35 1
53 36 1
53 37 1
53 38 1
53 39 1
53 40 1
53 41 1
53 42 1
53 43 1
53 44 1
53 45 1
53 46 1
53 47 1
53 48 1
53 49 1
53 50 1
53 51 1
53 52 1
54 0 1
54 1 1
54 2 1
54 3 1
54 4 1
54 5 1
54 6 1
54 7 1
54 8 1
54 9 1
54 10 1
54 11 1
54 12 1
54 13 1
54 14 1
54 15 1
54 16 1
54 17 1
54 18 1
54 19 1
54 20 1
54 21 1
54 22 1
54 23 1
54 24 1
54 25 1
54 26 1
54 27 1
54 28 1
54 29 1
54 30 1
54 31 1
54 32 1
54 33 1
54 34 1
54 35 1
54 36 1
54 37 1
54 38 1
54 39 1
54 40 1
54 41 1
54 42 1
54 43 1
54 44 1
54 45 1
54 46 1
54 47 1
54 48 1
54 49 1
54 50 1
54 51 1
54 52 1
54 53 1
55 0 1
55 1 1
55 2 1
55 3 1
55 4 1
55 5 1
55 6 1
55 7 1
55 8 1
55 9 1
55 10 1
55 11 1
55 12 1
55 13 1
55 14 1
55 15 1
55 16 1
55 17 1
55 18 1
55 19 1
55 20 1
55 21 1
55 22 1
55 23 1
55 24 1
55 25 1
55 26 1
55 27 1
55 28 1
55 29 1
55 30 1
55 31 1
55 32 1
55 33 1
55 34 1
55 35 1
55 36 1
55 37 1
55 38 1
55 39 1
55 40 1
55 41 1
55 42 1
55 43 1
55 44 1
55 45 1
55 46 1
55 47 1
55 48 1
55 49 1
55 50 1
55 51 1
55 52 1
55 53 1
55 54 1
56 0 1
56 1 1
56 2 1
56 3 1
56 4 1
56 5 1
56 6 1
56 7 1
56 8 1
56 9 1
56 10 1
56 11 1
56 12 1
56 13 1
56 14 1
56 15 1
56 16 1
56 17 1
56 18 1
56 19 1
56 20 1
56 21 1
56 22 1
56 23 1
56 24 1
56 25 1
56 26 1
56 27 1
56 28 1
56 29 1
56 30 1
56 31 1
56 32 1
56 33 1
56 34 1
56 35 1
56 36 1
56 37 1
56 38 1
56 39 1
56 40 1
56 41 1
56 42 1
56 43 1
56 44 1
56 45 1
56 46 1
56 47 1
56 48 1
56 49 1
56 50 1
56 51 1
56 52 1
56 53 1
56 54 1
56 55 1
57 0 1
57 1 1
57 2 1
57 3 1
57 4 1
57 5 1
57 6 1
57 7 1
57 8 1
57 9 1
57 10 1
57 11 1
57 12 1
57 13 1
57 14 1
57 15 1
57 16 1
57 17 1
57 18 1
57 19 1
57 20 1
57 21 1
57 22 1
57 23 1
57 24 1
57 25 1
57 26 1
57 27 1
57 28 1
57 29 1
57 30 1
57 31 1
57 32 1
57 33 1
57 34 1
57 35 1
57 36 1
57 37 1
57 38 1
57 39 1
57 40 1
57 41 1
57 42 1
57 43 1
57 44 1
57 45 1
57 46 1
57 47 1
57 48 1
57 49 1
57 50 1
57 51 1
57 52 1
57 53 1
57 54 1
57 55 1
57 56 1
58 0 1
58 1 1
58 2 1
58 3 1
58 4 1
58 5 1
58 6 1
58 7 1
58 8 1
58 9 1
58 10 1
58 11 1
58 12 1
58 13 1
58 14 1
58 15 1
58 16 1
58 17 1
58 18 1
58 19 1
58 20 1
58 21 1
58 22 1
58 23 1
58 24 1
58 25 1
58 26 1
58 27 1
58 28 1
58 29 1
58 30 1
58 31 1
58 32 1
58 33 1
58 34 1
58 35 1
58 36 1
58 37 1
58 38 1
58 39 1
58 40 1
58 41 1
58 42 1
58 43 1
58 44 1
58 45 1
58 46 1
58 47 1
58 48 1
58 49 1
58 50 1
58 51 1
58 52 1
58 53 1
58 54 1
58 55 1
58 56 1
58 57 1
59 0 1
59 1 1
59 2 1
59 3 1
59 4 1
59 5 1
59 6 1
59 7 1
59 8 1
59 9 1
59 10 1
59 11 1
59 12 1
59 13 1
59 14 1
59 15 1
59 16 1
59 17 1
59 18 1
59 19 1
59 20 1
59 21 1
59 22 1
59 23 1
59 24 1
59 25 1
59 26 1
59 27 1
59 28 1
59 29 1
59 30 1
59 31 1
59 32 1
59 33 1
59 34 1
59 35 1
59 36 1
59 37 1
59 38 1
59 39 1
59 40 1
59 41 1
59 42 1
59 43 1
59 44 1
59 45 1
59 46 1
59 47 1
59 48 1
59 49 1
59 50 1
59 51 1
59 52 1
59 53 1
59 54 1
59 55 1
59 56 1
59 57 1
59 58 1
60 0 1
60 1 1
60 2 1
60 3 1
60 4 1
60 5 1
60 6 1
60 7 1
60 8 1
60 9 1
60 10 1
60 11 1
60 12 1
60 13 1
60 14 1
60 15 1
60 16 1
60 17 1
60 18 1
60 19 1
60 20 1
60 21 1
60 22 1
60 23 1
60 24 1
60 25 1
60 26 1
60 27 1
60 28 1
60 29 1
60 30 1
60 31 1
60 32 1
60 33 1
60 34 1
60 35 1
60 36 1
60 37 1
60 38 1
60 39 1
60 40 1
60 41 1
60 42 1
60 43 1
60 44 1
60 45 1
60 46 1
60 47 1
60 48 1
60 49 1
60 50 1
60 51 1
60 52 1
60 53 1
60 54 1
60 55 1
60 56 1
60 57 1
60 58 1
60 59 1
61 0 1
61 1 1
61 2 1
61 3 1
61 4 1
61 5 1
61 6 1
61 7 1
61 8 1
61 9 1
61 10 1
61 11 1
61 12 1
61 13 1
61 14 1
61 15 1
61 16 1
61 17 1
61 18 1
61 19 1
61 20 1
61 21 1
61 22 1
61 23 1
61 24 1
61 25 1
61 26 1
61 27 1
61 28 1
61 29 1
61 30 1
61 31 1
61 32 1
61 33 1
61 34 1
61 35 1
61 36 1
61 37 1
61 38 1
61 39 1
61 40 1
61 41 1
61 42 1
61 43 1
61 44 1
61 45 1
61 46 1
61 47 1
61 48 1
61 49 1
61 50 1
61 51 1
61 52 1
61 53 1
61 54 1
61 55 1
61 56 1
61 57 1
61 58 1
61 59 1
61 60 1
62 0 1
62 1 1
62 2 1
62 3 1
62 4 1
62 5 1
62 6 1
62 7 1
62 8 1
62 9 1
62 10 1
62 11 1
62 12 1
62 13 1
62 14 1
62 15 1
62 16 1
62 17 1
62 18 1
62 19 1
62 20 1
62 21 1
62 22 1
62 23 1
62 24 1
62 25 1
62 26 1
62 27 1
62 28 1
62 29 1
62 30 1
62 31 1
62 32 1
62 33 1
62 34 1
62 35 1
62 36 1
62 37 1
62 38 1
62 39 1
62 40 1
62 41 1
62 42 1
62 43 1
62 44 1
62 45 1
62 46 1
62 47 1
62 48 1
62 49 1
62 50 1
62 51 1
62 52 1
62 53 1
62 54 1
62 55 1
62 56 1
62 57 1
62 58 1
62 59 1
62 60 1
62 61 1
63 0 1
63 1 1
63 2 1
63 3 1
63 4 1
63 5 1
63 6 1
63 7 1
63 8 1
63 9 1
63 10 1
63 11 1
63 12 1
63 13 1
63 14 1
63 15 1
63 16 1
63 17 1
63 18 1
63 19 1
63 20 1
63 21 1
63 22 1
63 23 1
63 24 1
63 25 1
63 26 1
63 27 1
63 28 1
63 29 1
63 30 1
63 31 1
63 32 1
63 33 1
63 34 1
63 35 1
63 36 1
63 37 1
63 38 1
63 39 1
63 40 1
63 41 1
63 42 1
63 43 1
63 44 1
63 45 1
63 46 1
63 47 1
63 48 1
63 49 1
63 50 1
63 51 1
63 52 1
63 53 1
63 54 1
63 55 1
63 56 1
63 57 1
63 58 1
63 59 1
63 60 1
63 61 1
63 62 1
64 0 1
64 1 1
64 2 1
64 3 1
64 4 1
64 5 1
64 6 1
64 7 1
64 8 1
64 9 1
64 10 1
64 11 1
64 12 1
64 13 1
64 14 1
64 15 1
64 16 1
64 17 1
64 18 1
64 19 1
64 20 1
64 21 1
64 22 1
64 23 1
64 24 1
64 25 1
64 26 1
64 27 1
64 28 1
64 29 1
64 30 1
64 31 1
64 32 1
64 33 1
64 34 1
64 35 1
64 36 1
64 37 1
64 38 1
64 39 1
64 40 1
64 41 1
64 42 1
64 43 1
64 44 1
64 45 1
64 46 1
64 47 1
64 48 1
64 49 1
64 50 1
64 51 1
64 52 1
64 53 1
64 54 1
64 55 1
64 56 1
64 57 1
64 58 1
64 59 1
64 60 1
64 61 1
64 62 1
64 63 1
65 0 1
65 1 1
65 2 1
65 3 1
65 4 1
65 5 1
65 6 1
65 7 1
65 8 1
65 9 1
65 10 1
65 11 1
65 12 1
65 13 1
65 14 1
65 15 1
65 16 1
65 17 1
65 18 1
65 19 1
65 20 1
65 21 1
65 22 1
65 23 1
65 24 1
65 25 1
65 26 1
65 27 1
65 28 1
65 29 1
65 30 1
65 31 1
65 32 1
65 33 1
65 34 1
65 35 1
65 36 1
65 37 1
65 38 1
65 39 1
65 40 1
65 41 1
65 42 1
65 43 1
65 44 1
65 45 1
65 46 1
65 47 1
65 48 1
65 49 1
65 50 1
65 51 1
65 52 1
65 53 1
65 54 1
65 55 1
65 56 1
65 57 1
65 58 1
65 59 1
65 60 1
65 61 1
65 62 1
65 63 1
65 64 1
66 0 1
66 1 1
66 2 1
66 3 1
66 4 1
66 5 1
66 6 1
66 7 1
66 8 1
66 9 1
66 10 1
66 11 1
66 12 1
66 13 1
66 14 1
66 15 1
66 16 1
66 17 1
66 18 1
66 19 1
66 20 1
66 21 1
66 22 1
66 23 1
66 24 1
66 25 1
66 26 1
66 27 1
66 28 1
66 29 1
66 30 1
66 31 1
66 32 1
66 33 1
66 34 1
66 35 1
66 36 1
66 37 1
66 38 1
66 39 1
66 40 1
66 41 1
66 42 1
66 43 1
66 44 1
66 45 1
66 46 1
66 47 1
66 48 1
66 49 1
66 50 1
66 51 1
66 52 1
66 53 1
66 54 1
66 55 1
66 56 1
66 57 1
66 58 1
66 59 1
66 60 1
66 61 1
66 62 1
66 63 1
66 64 1
66 65 1
67 0 1
67 1 1
67 2 1
67 3 1
67 4 1
67 5 1
67 6 1
67 7 1
67 8 1
67 9 1
67 10 1
67 11 1
67 12 1
67 13 1
67 14 1
67 15 1
67 16 1
67 17 1
67 18 1
67 19 1
67 20 1
67 21 1
67 22 1
67 23 1
67 24 1
67 25 1
67 26 1
67 27 1
67 28 1
67 29 1
67 30 1
67 31 1
67 32 1
67 33 1
67 34 1
67 35 1
67 36 1
67 37 1
67 38 1
67 39 1
67 40 1
67 41 1
67 42 1
67 43 1
67 44 1
67 45 1
67 46 1
67 47 1
67 48 1
67 49 1
67 50 1
67 51 1
67 52 1
67 53 1
67 54 1
67 55 1
67 56 1
67 57 1
67 58 1
67 59 1
67 60 1
67 61 1
67 62 1
67 63 1
67 64 1
67 65 1
67 66 1
68 0 1
68 1 1
68 2 1
68 3 1
68 4 1
68 5 1
68 6 1
68 7 1
68 8 1
68 9 1
68 10 1
68 11 1
68 12 1
68 13 1
68 14 1
68 15 1
68 16 1
68 17 1
68 18 1
68 19 1
68 20 1
68 21 1
68 22 1
68 23 1
68 24 1
68 25 1
68 26 1
68 27 1
68 28 1
68 29 1
68 30 1
68 31 1
68 32 1
68 33 1
68 34 1
68 35 1
68 36 1
68 37 1
68 38 1
68 39 1
68 40 1
68 41 1
68 42 1
68 43 1
68 44 1
68 45 1
68 46 1
68 47 1
68 48 1
68 49 1
68 50 1
68 51 1
68 52 1
68 53 1
68 54 1
68 55 1
68 56 1
68 57 1
68 58 1
68 59 1
68 60 1
68 61 1
68 62 1
68 63 1
68 64 1
68 65 1
68 66 1
68 67 1
69 0 1
69 1 1
69 2 1
69 3 1
69 4 1
69 5 1
69 6 1
69 7 1
69 8 1
69 9 1
69 10 1
69 11 1
69 12 1
69 13 1
69 14 1
69 15 1
69 16 1
69 17 1
69 18 1
69 19 1
69 20 1
69 21 1
69 22 1
69 23 1
69 24 1
69 25 1
69 26 1
69 27 1
69 28 1
69 29 1
69 30 1
69 31 1
69 32 1
69 33 1
69 34 1
69 35 1
69 36 1
69 37 1
69 38 1
69 39 1
69 40 1
69 41 1
69 42 1
69 43 1
69 44 1
69 45 1
69 46 1
69 47 1
69 48 1
69 49 1
69 50 1
69 51 1
69 52 1
69 53 1
69 54 1
69 55 1
69 56 1
69 57 1
69 58 1
69 59 1
69 60 1
69 61 1
69 62 1
69 63 1
69 64 1
69 65 1
69 66 1
69 67 1
69 68 1
70 0 1
70 1 1
70 2 1
70 3 1
70 4 1
70 5 1
70 6 1
70 7 1
70 8 1
70 9 1
70 10 1
70 11 1
70 12 1
70 13 1
70 14 1
70 15 1
70 16 1
70 17 1
70 18 1
70 19 1
70 20 1
70 21 1
70 22 1
70 23 1
70 24 1
70 25 1
70 26 1
70 27 1
70 28 1
70 29 1
70 30 1
70 31 1
70 32 1
70 33 1
70 34 1
70 35 1
70 36 1
70 37 1
70 38 1
70 39 1
70 40 1
70 41 1
70 42 1
70 43 1
70 44 1
70 45 1
70 46 1
70 47 1
70 48 1
70 49 1
70 50 1
70 51 1
70 52 1
70 53 1
70 54 1
70 55 1
70 56 1
70 57 1
70 58 1
70 59 1
70 60 1
70 61 1
70 62 1
70 63 1
70 64 1
70 65 1
70 66 1
70 67 1
70 68 1
70 69 1
71 0 1
71 1 1
71 2 1
71 3 1
71 4 1
71 5 1
71 6 1
71 7 1
71 8 1
71 9 1
71 10 1
71 11 1
71 12 1
71 13 1
71 14 1
71 15 1
71 16 1
71 17 1
71 18 1
71 19 1
71 20 1
71 21 1
71 22 1
71 23 1
71 24 1
71 25 1
71 26 1
71 27 1
71 28 1
71 29 1
71 30 1
71 31 1
71 32 1
71 33 1
71 34 1
71 35 1
71 36 1
71 37 1
71 38 1
71 39 1
71 40 1
71 41 1
71 42 1
71 43 1
71 44 1
71 45 1
71 46 1
71 47 1
71 48 2
71 49 2
71 50 2
71 51 2
71 52 2
71 53 2
71 54 2
71 55 2
71 56 2
71 57 2
71 58 2
71 59 2
71 60 2
71 61 2
71 62 2
71 63 2
71 64 2
71 65 2
71 66 2
71 67 2
71 68 2
71 69 2
71 70 2
72 0 2
72 1 2
72 2 2
72 3 2
72 4 2
72 5 2
72 6 2
72 7 2
72 8 2
72 9 2
72 10 2
72 11 2
72 12 2
72 13 2
72 14 2
72 15 2
72 16 2
72 17 2
72 18 2
72 19 2
72 20 2
72 21 2
72 22 2
72 23 2
72 24 2
72 25 2
72 26 2
72 27 2
72 28 2
72 29 2
72 30 2
72 31 2
72 32 2
72 33 2
72 34 2
72 35 2
72 36 2
72 37 2
72 38 2
72 39 2
72 40 2
72 41 2
72 42 2
72 43 2
72 44 2
72 45 2
72 46 2
72 47 2
72 48 2
72 49 2
72 50 2
72 51 2
72 52 2
72 53 2
72 54 2
72 55 2
72 56 2
72 57 2
72 58 2
72 59 2
72 60 2
72 61 2
72 62 2
72 63 2
72 64 2
72 65 2
72 66 2
72 67 2
72 68 2
72 69 2
72 70 2
72 71 2
73 0 2
73 1 2
73 2 2
73 3 2
73 4 2
73 5 2
73 6 2
73 7 2
73 8 2
73 9 2
73 10 2
73 11 2
73 12 2
73 13 2
73 14 2
73 15 2
73 16 2
73 17 2
73 18 2
73 19 2
73 20 2
73 21 2
73 22 2
73 23 2
73 24 2
73 25 2
73 26 2
73 27 2
73 28 2
73 29 2
73 30 2
73 31 2
73 32 2
73 33 2
73 34 2
73 35 2
73 36 2
73 37 2
73 38 2
73 39 2
73 40 2
73 41 2
73 42 2
73 43 2
73 44 2
73 45 2
73 46 2
73 47 2
73 48 2
73 49 2
73 50 2
73 51 2
73 52 2
73 53 2
73 54 2
73 55 2
73 56 2
73 57 2
73 58 2
73 59 2
73 60 2
73 61 2
73 62 2
73 63 2
73 64 2
73 65 2
73 66 2
73 67 2
73 68 2
73 69 2
73 70 2
73 71 2
73 72 2
74 0 2
74 1 2
74 2 2
74 3 2
74 4 2
74 5 2
74 6 2
74 7 2
74 8 2
74 9 2
74 10 2
74 11 2
74 12 2
74 13 2
74 14 2
74 15 2
74 16 2
74 17 2
74 18 2
74 19 2
74 20 2
74 21 2
74 22 2
74 23 2
74 24 2
74 25 2
74 26 2
74 27 2
74 28 2
74 29 2
74 30 2
74 31 2
74 32 2
74 33 2
74 34 2
74 35 2
74 36 2
74 37 2
74 38 2
74 39 2
74 40 2
74 41 2
74 42 2
74 43 2
74 44 2
74 45 2
74 46 2
74 47 2
74 48 2
74 49 2
74 50 2
74 51 2
74 52 2
74 53 2
74 54 2
74 55 2
74 56 2
74 57 2
74 58 2
74 59 2
74 60 2
74 61 2
74 62 2
74 63 2
74 64 2
74 65 2
74 66 2
74 67 2
74 68 2
74 69 2
74 70 2
74 71 2
74 72 2
74 73 2
75 0 2
75 1 2
75 2 2
75 3 2
75 4 2
75 5 2
75 6 2
75 7 2
75 8 2
75 9 2
75 10 2
75 11 2
75 12 2
75 13 2
75 14 2
75 15 2
75 16 2
75 17 2
75 18 2
75 19 2
75 20 2
75 21 2
75 22 2
75 23 2
75 24 2
75 25 2
75 26 2
75 27 2
75 28 2
75 29 2
75 30 2
75 31 2
75 32 2
75 33 2
75 34 2
75 35 2
75 36 2
75 37 2
75 38 2
75 39 2
75 40 2
75 41 2
75 42 2
75 43 2
75 44 2
75 45 2
75 46 2
75 47 2
75 48 2
75 49 2
75 50 2
75 51 2
75 52 2
75 53 2
75 54 2
75 55 2
75 56 2
75 57 2
75 58 2
75 59 2
75 60 2
75 61 2
75 62 2
75 63 2
75 64 2
75 65 2
75 66 2
75 67 2
75 68 2
75 69 2
75 70 2
75 71 2
75 72 2
75 73 2
75 74 2
76 0 2
76 1 2
76 2 2
76 3 2
76 4 2
76 5 2
76 6 2
76 7 2
76 8 2
76 9 2
76 10 2
76 11 2
76 12 2
76 13 2
76 14 2
76 15 2
76 16 2
76 17 2
76 18 2
76 19 2
76 20 2
76 21 2
76 22 2
76 23 2
76 24 2
76 25 2
76 26 2
76 27 2
76 28 2
76 29 2
76 30 2
76 31 2
76 32 2
76 33 2
76 34 2
76 35 2
76 36 2
76 37 2
76 38 2
76 39 2
76 40 2
76 41 2
76 42 2
76 43 2
76 44 2
76 45 2
76 46 2
76 47 2
76 48 2
76 49 2
76 50 2
76 51 2
76 52 2
76 53 2
76 54 2
76 55 2
76 56 2
76 57 2
76 58 2
76 59 2
76 60 2
76 61 2
76 62 2
76 63 2
76 64 2
76 65 2
76 66 2
76 67 2
76 68 2
76 69 2
76 70 2
76 71 2
76 72 2
76 73 2
76 74 2
76 75 2
77 0 2
77 1 2
77 2 2
77 3 2
77 4 2
77 5 2
77 6 2
77 7 2
77 8 2
77 9 2
77 10 2
77 11 2
77 12 2
77 13 2
77 14 2
77 15 2
77 16 2
77 17 2
77 18 2
77 19 2
77 20 2
77 21 2
77 22 2
77 23 2
77 24 2
77 25 2
77 26 2
77 27 2
77 28 2
77 29 2
77 30 2
77 31 2
77 32 2
77 33 2
77 34 2
77 35 2
77 36 2
77 37 2
77 38 2
77 39 2
77 40 2
77 41 2
77 42 2
77 43 2
77 44 2
77 45 2
77 46 2
77 47 2
77 48 2
77 49 2
77 50 2
77 51 2
77 52 2
77 53 2
77 54 2
77 55 2
77 56 2
77 57 2
77 58 2
77 59 2
77 60 2
77 61 2
77 62 2
77 63 2
77 64 2
77 65 2
77 66 2
77 67 2
77 68 2
77 69 2
77 70 2
77 71 2
77 72 2
77 73 2
77 74 2
77 75 2
77 76 2
78 0 2
78 1 2
78 2 2
78 3 2
78 4 2
78 5 2
78 6 2
78 7 2
78 8 2
78 9 2
78 10 2
78 11 2
78 12 2
78 13 2
78 14 2
78 15 2
78 16 2
78 17 2
78 18 2
78 19 2
78 20 2
78 21 2
78 22 2
78 23 2
78 24 2
78 25 2
78 26 2
78 27 2
78 28 2
78 29 2
78 30 2
78 31 2
78 32 2
78 33 2
78 34 2
78 35 2
78 36 2
78 37 2
78 38 2
78 39 2
78 40 2
78 41 2
78 42 2
78 43 2
78 44 2
78 45 2
78 46 2
78 47 2
78 48 2
78 49 2
78 50 2
78 51 2
78 52 2
78 53 2
78 54 2
78 55 2
78 56 2
78 57 2
78 58 2
78 59 2
78 60 2
78 61 2
78 62 2
78 63 2
78 64 2
78 65 2
78 66 2
78 67 2
78 68 2
78 69 2
78 70 2
78 71 2
78 72 2
78 73 2
78 74 2
78 75 2
78 76 2
78 77 2
79 0 2
79 1 2
79 2 2
79 3 2
79 4 2
79 5 2
79 6 2
79 7 2
79 8 2
79 9 2
79 10 2
79 11 2
79 12 2
79 13 2
79 14 2
79 15 2
79 16 2
79 17 2
79 18 2
79 19 2
79 20 2
79 21 2
79 22 2
79 23 2
79 24 2
79 25 2
79 26 2
79 27 2
79 28 2
79 29 2
79 30 2
79 31 2
79 32 2
79 33 2
79 34 2
79 35 2
79 36 2
79 37 2
79 38 2
79 39 2
79 40 2
79 41 2
79 42 2
79 43 2
79 44 2
79 45 2
79 46 2
79 47 2
79 48 2
79 49 2
79 50 2
79 51 2
79 52 2
79 53 2
79 54 2
79 55 2
79 56 2
79 57 2
79 58 2
79 59 2
79 60 2
79 61 2
79 62 2
79 63 2
79 64 2
79 65 2
79 66 2
79 67 2
79 68 2
79 69 2
79 70 2
79 71 2
79 72 2
79 73 2
79 74 2
79 75 2
79 76 2
79 77 2
79 78 2
80 0 2
80 1 2
80 2 2
80 3 2
80 4 2
80 5 2
80 6 2
80 7 2
80 8 2
80 9 2
80 10 2
80 11 2
80 12 2
80 13 2
80 14 2
80 15 2
80 16 2
80 17 2
80 18 2
80 19 2
80 20 2
80 21 2
80 22 2
80 23 2
80 24 2
80 25 2
80 26 2
80 27 2
80 28 2
80 29 2
80 30 2
80 31 2
80 32 2
80 33 2
80 34 2
80 35 2
80 36 2
80 37 2
80 38 2
80 39 2
80 40 2
80 41 2
80 42 2
80 43 2
80 44 2
80 45 2
80 46 2
80 47 2
80 48 2
80 49 2
80 50 2
80 51 2
80 52 2
80 53 2
80 54 2
80 55 2
80 56 2
80 57 2
80 58 2
80 59 2
80 60 2
80 61 2
80 62 2
80 63 2
80 64 2
80 65 2
80 66 2
80 67 2
80 68 2
80 69 2
80 70 2
80 71 2
80 72 2
80 73 2
80 74 2
80 75 2
80 76 2
80 77 2
80 78 2
80 79 2
81 0 2
81 1 2
81 2 2
81 3 2
81 4 2
81 5 2
81 6 2
81 7 2
81 8 2
81 9 2
81 10 2
81 11 2
81 12 2
81 13 2
81 14 2
81 15 2
81 16 2
81 17 2
81 18 2
81 19 2
81 20 2
81 21 2
81 22 2
81 23 2
81 24 2
81 25 2
81 26 2
81 27 2
81 28 2
81 29 2
81 30 2
81 31 2
81 32 2
81 33 2
81 34 2
81 35 2
81 36 2
81 37 2
81 38 2
81 39 2
81 40 2
81 41 2
81 42 2
81 43 2
81 44 2
81 45 2
81 46 2
81 47 2
81 48 2
81 49 2
81 50 2
81 51 2
81 52 2
81 53 2
81 54 2
81 55 2
81 56 2
81 57 2
81 58 2
81 59 2
81 60 2
81 61 2
81 62 2
81 63 2
81 64 2
81 65 2
81 66 2
81 67 2
81 68 2
81 69 2
81 70 2
81 71 2
81 72 2
81 73 2
81 74 2
81 75 2
81 76 2
81 77 2
81 78 2
81 79 2
81 80 2
82 0 2
82 1 2
82 2 2
82 3 2
82 4 2
82 5 2
82 6 2
82 7 2
82 8 2
82 9 2
82 10 2
82 11 2
82 12 2
82 13 2
82 14 2
82 15 2
82 16 2
82 17 2
82 18 2
82 19 2
82 20 2
82 21 2
82 22 2
82 23 2
82 24 2
82 25 2
82 26 2
82 27 2
82 28 2
82 29 2
82 30 2
82 31 2
82 32 2
82 33 2
82 34 2
82 35 2
82 36 2
82 37 2
82 38 2
82 39 2
82 40 2
82 41 2
82 42 2
82 43 2
82 44 2
82 45 2
82 46 2
82 47 2
82 48 2
82 49 2
82 50 2
82 51 2
82 52 2
82 53 2
82 54 2
82 55 2
82 56 2
82 57 2
82 58 2
82 59 2
82 60 2
82 61 2
82 62 2
82 63 2
82 64 2
82 65 2
82 66 2
82 67 2
82 68 2
82 69 2
82 70 2
82 71 2
82 72 2
82 73 2
82 74 2
82 75 2
82 76 2
82 77 2
82 78 2
82 79 2
82 80 2
82 81 2
83 0 2
83 1 2
83 2 2
83 3 2
83 4 2
83 5 2
83 6 2
83 7 2
83 8 2
83 9 2
83 10 2
83 11 2
83 12 2
83 13 2
83 14 2
83 15 2
83 16 2
83 17 2
83 18 2
83 19 2
83 20 2
83 21 2
83 22 2
83 23 2
83 24 2
83 25 2
83 26 2
83 27 2
83 28 2
83 29 2
83 30 2
83 31 2
83 32 2
83 33 2
83 34 2
83 35 2
83 36 2
83 37 2
83 38 2
83 39 2
83 40 2
83 41 2
83 42 2
83 43 2
83 44 2
83 45 2
83 46 2
83 47 2
83 48 2
83 49 2
83 50 2
83 51 2
83 52 2
83 53 2
83 54 2
83 55 2
83 56 2
83 57 2
83 58 2
83 59 2
83 60 2
83 61 2
83 62 2
83 63 2
83 64 2
83 65 2
83 66 2
83 67 2
83 68 2
83 69 2
83 70 2
83 71 2
83 72 2
83 73 2
83 74 2
83 75 2
83 76 2
83 77 2
83 78 2
83 79 2
83 80 2
83 81 2
83 82 2
84 0 2
84 1 2
84 2 2
84 3 2
84 4 2
84 5 2
84 6 3
84 7 3
84 8 3
84 9 3
84 10 3
84 11 3
84 12 3
84 13 3
84 14 3
84 15 3
84 16 3
84 17 3
84 18 3
84 19 3
84 20 3
84 21 3
84 22 3
84 23 3
84 24 3
84 25 3
84 26 3
84 27 3
84 28 3
84 29 3
84 30 3
84 31 3
84 32 3
84 33 3
84 34 3
84 35 3
84 36 3
84 37 3
84 38 3
84 39 3
84 40 3
84 41 3
84 42 3
84 43 3
84 44 3
84 45 3
84 46 3
84 47 3
84 48 3
84 49 3
84 50 3
84 51 3
84 52 3
84 53 3
84 54 3
84 55 3
84 56 3
84 57 3
84 58 3
84 59 3
84 60 3
84 61 3
84 62 3
84 63 3
84 64 3
84 65 3
84 66 3
84 67 3
84 68 3
84 69 3
84 70 3
84 71 3
84 72 3
84 73 3
84 74 3
84 75 3
84 76 3
84 77 3
84 78 3
84 79 3
84 80 3
84 81 3
84 82 3
84 83 3
85 0 3
85 1 3
85 2 3
85 3 3
85 4 3
85 5 3
85 6 3
85 7 3
85 8 3
85 9 3
85 10 3
85 11 3
85 12 3
85 13 3
85 14 3
85 15 3
85 16 3
85 17 3
85 18 3
85 19 3
85 20 3
85 21 3
85 22 3
85 23 3
85 24 3
85 25 3
85 26 3
85 27 3
85 28 3
85 29 3
85 30 3
85 31 3
85 32 3
85 33 3
85 34 3
85 35 3
85 36 3
85 37 3
85 38 3
85 39 3
85 40 3
85 41 3
85 42 3
85 43 3
85 44 3
85 45 3
85 46 3
85 47 3
85 48 3
85 49 3
85 50 3
85 51 3
85 52 3
85 53 3
85 54 3
85 55 3
85 56 3
85 57 3
85 58 3
85 59 3
85 60 3
85 61 3
85 62 3
85 63 3
85 64 3
85 65 3
85 66 3
85 67 3
85 68 3
85 69 3
85 70 3
85 71 3
85 72 3
85 73 3
85 74 3
85 75 3
85 76 3
85 77 3
85 78 3
85 79 3
85 80 3
85 81 3
85 82 3
85 83 3
85 84 3
86 0 3
86 1 3
86 2 3
86 3 3
86 4 3
86 5 3
86 6 3
86 7 3
86 8 3
86 9 3
86 10 3
86 11 3
86 12 3
86 13 3
86 14 3
86 15 3
86 16 3
86 17 3
86 18 3
86 19 3
86 20 3
86 21 3
86 22 3
86 23 3
86 24 3
86 25 3
86 26 3
86 27 3
86 28 3
86 29 3
86 30 3
86 31 3
86 32 3
86 33 3
86 34 3
86 35 3
86 36 3
86 37 3
86 38 3
86 39 3
86 40 3
86 41 3
86 42 3
86 43 3
86 44 3
86 45 3
86 46 3
86 47 3
86 48 3
86 49 3
86 50 3
86 51 3
86 52 3
86 53 3
86 54 3
86 55 3
86 56 3
86 57 3
86 58 3
86 59 3
86 60 3
86 61 3
86 62 3
86 63 3
86 64 3
86 65 3
86 66 3
86 67 3
86 68 3
86 69 3
86 70 3
86 71 3
86 72 3
86 73 3
86 74 3
86 75 3
86 76 3
86 77 3
86 78 3
86 79 3
86 80 3
86 81 3
86 82 3
86 83 3
86 84 3
86 85 3
87 0 3
87 1 3
87 2 3
87 3 3
87 4 3
87 5 3
87 6 3
87 7 3
87 8 3
87 9 3
87 10 3
87 11 3
87 12 3
87 13 3
87 14 3
87 15 3
87 16 3
87 17 3
87 18 3
87 19 3
87 20 3
87 21 3
87 22 3
87 23 3
87 24 3
87 25 3
87 26 3
87 27 3
87 28 3
87 29 3
87 30 3
87 31 3
87 32 3
87 33 3
87 34 3
87 35 3
87 36 3
87 37 3
87 38 3
87 39 3
87 40 3
87 41 3
87 42 3
87 43 3
87 44 3
87 45 3
87 46 3
87 47 3
87 48 3
87 49 3
87 50 3
87 51 3
87 52 3
87 53 3
87 54 3
87 55 3
87 56 3
87 57 3
87 58 3
87 59 3
87 60 3
87 61 3
87 62 3
87 63 3
87 64 3
87 65 3
87 66 3
87 67 3
87 68 3
87 69 3
87 70 3
87 71 3
87 72 3
87 73 3
87 74 3
87 75 3
87 76 3
87 77 3
87 78 3
87 79 3
87 80 3
87 81 3
87 82 3
87 83 3
87 84 3
87 85 3
87 86 3
88 0 3
88 1 3
88 2 3
88 3 3
88 4 3
88 5 3
88 6 3
88 7 3
88 8 3
88 9 3
88 10 3
88 11 3
88 12 3
88 13 3
88 14 3
88 15 3
88 16 3
88 17 3
88 18 3
88 19 3
88 20 3
88 21 3
88 22 3
88 23 3
88 24 3
88 25 3
88 26 3
88 27 3
88 28 3
88 29 3
88 30 3
88 31 3
88 32 3
88 33 3
88 34 3
88 35 3
88 36 3
88 37 3
88 38 3
88 39 3
88 40 3
88 41 3
88 42 3
88 43 3
88 44 3
88 45 3
88 46 3
88 47 3
88 48 3
88 49 3
88 50 3
88 51 3
88 52 3
88 53 3
88 54 3
88 55 3
88 56 3
88 57 3
88 58 3
88 59 3
88 60 3
88 61 3
88 62 3
88 63 3
88 64 3
88 65 3
88 66 3
88 67 3
88 68 3
88 69 3
88 70 3
88 71 3
88 72 3
88 73 3
88 74 3
88 75 3
88 76 3
88 77 3
88 78 3
88 79 3
88 80 3
88 81 3
88 82 3
88 83 3
88 84 3
88 85 3
88 86 3
88 87 3
89 0 3
89 1 3
89 2 3
89 3 3
89 4 3
89 5 3
89 6 3
89 7 3
89 8 3
89 9 3
89 10 3
89 11 3
89 12 3
89 13 3
89 14 3
89 15 3
89 16 3
89 17 3
89 18 3
89 19 3
89 20 3
89 21 3
89 22 3
89 23 3
89 24 3
89 25 3
89 26 3
89 27 3
89 28 3
89 29 3
89 30 3
89 31 3
89 32 3
89 33 3
89 34 3
89 35 3
89 36 3
89 37 3
89 38 3
89 39 3
89 40 3
89 41 3
89 42 3
89 43 3
89 44 3
89 45 3
89 46 3
89 47 3
89 48 3
89 49 3
89 50 3
89 51 3
89 52 3
89 53 3
89 54 3
89 55 3
89 56 3
89 57 3
89 58 3
89 59 3
89 60 3
89 61 3
89 62 3
89 63 3
89 64 3
89 65 3
89 66 3
89 67 3
89 68 3
89 69 3
89 70 3
89 71 3
89 72 3
89 73 3
89 74 3
89 75 3
89 76 3
89 77 3
89 78 3
89 79 3
89 80 3
89 81 3
89 82 3
89 83 3
89 84 3
89 85 3
89 86 3
89 87 3
89 88 3
90 0 3
90 1 3
90 2 3
90 3 3
90 4 3
90 5 3
90 6 3
90 7 3
90 8 3
90 9 3
90 10 3
90 11 3
90 12 3
90 13 3
90 14 3
90 15 3
90 16 3
90 17 3
90 18 3
90 19 3
90 20 3
90 21 3
90 22 3
90 23 3
90 24 3
90 25 3
90 26 3
90 27 3
90 28 3
90 29 3
90 30 3
90 31 3
90 32 3
90 33 3
90 34 3
90 35 4
90 36 4
90 37 4
90 38 4
90 39 4
90 40 4
90 41 4
90 42 4
90 43 4
90 44 4
90 45 4
90 46 4
90 47 4
90 48 4
90 49 4
90 50 4
90 51 4
90 52 4
90 53 4
90 54 4
90 55 4
90 56 4
90 57 4
90 58 4
90 59 4
90 60 4
90 61 4
90 62 4
90 63 4
90 64 4
90 65 4
90 66 4
90 67 4
90 68 4
90 69 4
90 70 4
90 71 4
90 72 4
90 73 4
90 74 4
90 75 4
90 76 4
90 77 4
90 78 4
90 79 4
90 80 4
90 81 4
90 82 4
90 83 4
90 84 4
90 85 4
90 86 4
90 87 4
90 88 4
90 89 4
91 0 4
91 1 4
91 2 4
91 3 4
91 4 4
91 5 4
91 6 4
91 7 4
91 8 4
91 9 4
91 10 4
91 11 4
91 12 4
91 13 4
91 14 4
91 15 4
91 16 4
91 17 4
91 18 4
91 19 4
91 20 4
91 21 4
91 22 4
91 23 4
91 24 4
91 25 4
91 26 4
91 27 4
91 28 4
91 29 4
91 30 4
91 31 4
91 32 4
91 33 4
91 34 4
91 35 4
91 36 4
91 37 4
91 38 4
91 39 4
91 40 4
91 41 4
91 42 4
91 43 4
91 44 4
91 45 4
91 46 4
91 47 4
91 48 4
91 49 4
91 50 4
91 51 4
91 52 4
91 53 4
91 54 4
91 55 4
91 56 4
91 57 4
91 58 4
91 59 4
91 60 4
91 61 4
91 62 4
91 63 4
91 64 4
91 65 4
91 66 4
91 67 4
91 68 4
91 69 4
91 70 4
91 71 4
91 72 4
91 73 4
91 74 4
91 75 4
91 76 4
91 77 4
91 78 4
91 79 4
91 80 4
91 81 4
91 82 4
91 83 4
91 84 4
91 85 4
91 86 4
91 87 4
91 88 4
91 89 4
91 90 4
92 0 4
92 1 4
92 2 4
92 3 4
92 4 4
92 5 4
92 6 4
92 7 4
92 8 4
92 9 4
92 10 4
92 11 4
92 12 4
92 13 4
92 14 4
92 15 4
92 16 4
92 17 4
92 18 4
92 19 4
92 20 4
92 21 4
92 22 4
92 23 4
92 24 4
92 25 4
92 26 4
92 27 4
92 28 4
92 29 4
92 30 4
92 31 4
92 32 4
92 33 4
92 34 4
92 35 4
92 36 4
92 37 4
92 38 4
92 39 4
92 40 4
92 41 4
92 42 4
92 43 4
92 44 4
92 45 4
92 46 4
92 47 4
92 48 4
92 49 4
92 50 4
92 51 4
92 52 4
92 53 4
92 54 4
92 55 4
92 56 4
92 57 4
92 58 4
92 59 4
92 60 4
92 61 4
92 62 4
92 63 4
92 64 4
92 65 4
92 66 4
92 67 4
92 68 4
92 69 4
92 70 4
92 71 4
92 72 4
92 73 4
92 74 4
92 75 4
92 76 4
92 77 4
92 78 4
92 79 4
92 80 4
92 81 4
92 82 4
92 83 4
92 84 4
92 85 4
92 86 4
92 87 4
92 88 4
92 89 4
92 90 4
92 91 4
93 0 4
93 1 4
93 2 4
93 3 4
93 4 4
93 5 4
93 6 4
93 7 4
93 8 4
93 9 4
93 10 4
93 11 4
93 12 4
93 13 4
93 14 4
93 15 4
93 16 4
93 17 4
93 18 4
93 19 4
93 20 4
93 21 4
93 22 4
93 23 4
93 24 4
93 25 4
93 26 4
93 27 4
93 28 4
93 29 4
93 30 4
93 31 4
93 32 4
93 33 4
93 34 5
93 35 5
93 36 5
93 37 5
93 38 5
93 39 5
93 40 5
93 41 5
93 42 5
93 43 5
93 44 5
93 45 5
93 46 5
93 47 5
93 48 5
93 49 5
93 50 5
93 51 5
93 52 5
93 53 5
93 54 5
93 55 5
93 56 5
93 57 5
93 58 5
93 59 5
93 60 5
93 61 5
93 62 5
93 63 5
93 64 5
93 65 5
93 66 5
93 67 5
93 68 5
93 69 5
93 70 5
93 71 5
93 72 5
93 73 5
93 74 5
93 75 5
93 76 5
93 77 5
93 78 5
93 79 5
93 80 5
93 81 5
93 82 5
93 83 5
93 84 5
93 85 5
93 86 5
93 87 5
93 88 5
93 89 5
93 90 5
93 91 5
93 92 5
94 0 5
94 1 5
94 2 5
94 3 5
94 4 5
94 5 5
94 6 5
94 7 5
94 8 5
94 9 5
94 10 5
94 11 5
94 12 5
94 13 5
94 14 5
94 15 5
94 16 5
94 17 5
94 18 5
94 19 5
94 20 5
94 21 5
94 22 5
94 23 5
94 24 5
94 25 5
94 26 5
94 27 5
94 28 5
94 29 5
94 30 5
94 31 5
94 32 5
94 33 5
94 34 5
94 35 5
94 36 5
94 37 5
94 38 5
94 39 5
94 40 5
94 41 5
94 42 5
94 43 5
94 44 5
94 45 5
94 46 5
94 47 5
94 48 5
94 49 5
94 50 5
94 51 5
94 52 5
94 53 5
94 54 5
94 55 5
94 56 5
94 57 5
94 58 5
94 59 5
94 60 5
94 61 5
94 62 5
94 63 5
94 64 5
94 65 5
94 66 5
94 67 5
94 68 5
94 69 5
94 70 5
94 71 5
94 72 5
94 73 5
94 74 5
94 75 5
94 76 5
94 77 5
94 78 5
94 79 6
94 80 6
94 81 6
94 82 6
94 83 6
94 84 6
94 85 6
94 86 6
94 87 6
94 88 6
94 89 6
94 90 6
94 91 6
94 92 6
94 93 6
95 0 6
95 1 6
95 2 6
95 3 6
95 4 6
95 5 6
95 6 6
95 7 6
95 8 6
95 9 6
95 10 6
95 11 6
95 12 6
95 13 6
95 14 6
95 15 6
95 16 6
95 17 6
95 18 6
95 19 6
95 20 6
95 21 6
95 22 6
95 23 6
95 24 6
95 25 6
95 26 6
95 27 6
95 28 6
95 29 6
95 30 6
95 31 6
95 32 6
95 33 6
95 34 6
95 35 6
95 36 6
95 37 6
95 38 6
95 39 6
95 40 6
95 41 6
95 42 6
95 43 6
95 44 6
95 45 6
95 46 6
95 47 6
95 48 6
95 49 6
95 50 6
95 51 6
95 52 6
95 53 6
95 54 6
95 55 6
95 56 6
95 57 6
95 58 6
95 59 6
95 60 6
95 61 6
95 62 7
95 63 7
95 64 7
95 65 7
95 66 7
95 67 7
95 68 7
95 69 7
95 70 7
95 71 7
95 72 7
95 73 7
95 74 7
95 75 7
95 76 7
95 77 7
95 78 7
95 79 7
95 80 7
95 81 7
95 82 7
95 83 7
95 84 7
95 85 7
95 86 7
95 87 7
95 88 7
95 89 7
95 90 7
95 91 7
95 92 7
95 93 7
95 94 7
96 0 7
96 1 7
96 2 7
96 3 7
96 4 7
96 5 7
96 6 7
96 7 7
96 8 7
96 9 7
96 10 7
96 11 7
96 12 7
96 13 7
96 14 7
96 15 7
96 16 7
96 17 7
96 18 7
96 19 7
96 20 7
96 21 7
96 22 7
96 23 7
96 24 7
96 25 7
96 26 7
96 27 7
96 28 7
96 29 7
96 30 7
96 31 7
96 32 7
96 33 7
96 34 7
96 35 7
96 36 7
96 37 7
96 38 7
96 39 7
96 40 7
96 41 7
96 42 7
96 43 7
96 44 7
96 45 7
96 46 7
96 47 7
96 48 7
96 49 7
96 50 7
96 51 7
96 52 7
96 53 7
96 54 7
96 55 7
96 56 7
96 57 7
96 58 7
96 59 7
96 60 7
96 61 7
96 62 7
96 63 7
96 64 7
96 65 7
96 66 7
96 67 7
96 68 7
96 69 7
96 70 7
96 71 7
96 72 7
96 73 7
96 74 7
96 75 7
96 76 7
96 77 7
96 78 7
96 79 7
96 80 7
96 81 7
96 82 7
96 83 7
96 84 7
96 85 7
96 86 7
96 87 7
96 88 7
96 89 7
96 90 7
96 91 7
96 92 7
96 93 7
96 94 7
96 95 7
97 0 7
97 1 7
97 2 8
97 3 8
97 4 8
97 5 8
97 6 8
97 7 8
97 8 8
97 9 8
97 10 8
97 11 8
97 12 8
97 13 8
97 14 8
97 15 8
97 16 8
97 17 8
97 18 8
97 19 8
97 20 8
97 21 8
97 22 8
97 23 8
97 24 8
97 25 8
97 26 8
97 27 8
97 28 8
97 29 8
97 30 8
97 31 8
97 32 8
97 33 8
97 34 8
97 35 8
97 36 8
97 37 8
97 38 8
97 39 8
97 40 8
97 41 8
97 42 8
97 43 8
97 44 8
97 45 8
97 46 8
97 47 8
97 48 8
97 49 8
97 50 8
97 51 8
97 52 8
97 53 8
97 54 8
97 55 8
97 56 8
97 57 8
97 58 8
97 59 8
97 60 8
97 61 8
97 62 8
97 63 8
97 64 8
97 65 8
97 66 8
97 67 8
97 68 8
97 69 8
97 70 8
97 71 8
97 72 8
97 73 8
97 74 8
97 75 8
97 76 8
97 77 8
97 78 8
97 79 8
97 80 8
97 81 8
97 82 8
97 83 8
97 84 8
97 85 8
97 86 8
97 87 8
97 88 8
97 89 8
97 90 8
97 91 8
97 92 8
97 93 8
97 94 8
97 95 8
97 96 8
98 0 8
98 1 8
98 2 8
98 3 9
98 4 9
98 5 9
98 6 9
98 7 9
98 8 9
98 9 9
98 10 9
98 11 9
98 12 9
98 13 9
98 14 9
98 15 9
98 16 9
98 17 9
98 18 9
98 19 9
98 20 9
98 21 9
98 22 9
98 23 9
98 24 9
98 25 9
98 26 9
98 27 9
98 28 9
98 29 9
98 30 9
98 31 9
98 32 9
98 33 9
98 34 9
98 35 9
98 36 9
98 37 9
98 38 9
98 39 9
98 40 9
98 41 9
98 42 9
98 43 9
98 44 9
98 45 9
98 46 9
98 47 9
98 48 9
98 49 9
98 50 9
98 51 9
98 52 9
98 53 9
98 54 9
98 55 9
98 56 9
98 57 10
98 58 10
98 59 10
98 60 10
98 61 10
98 62 10
98 63 10
98 64 10
98 65 10
98 66 10
98 67 10
98 68 10
98 69 10
98 70 10
98 71 10
98 72 10
98 73 10
98 74 10
98 75 10
98 76 10
98 77 10
98 78 10
98 79 10
98 80 10
98 81 10
98 82 10
98 83 10
98 84 10
98 85 10
98 86 10
98 87 10
98 88 10
98 89 10
98 90 10
98 91 10
98 92 10
98 93 10
98 94 10
98 95 10
98 96 10
98 97 10
99 0 10
99 1 10
99 2 10
99 3 10
99 4 10
99 5 10
99 6 10
99 7 10
99 8 10
99 9 10
99 10 10
99 11 10
99 12 10
99 13 10
99 14 10
99 15 10
99 16 10
99 17 10
99 18 10
99 19 10
99 20 10
99 21 10
99 22 10
99 23 10
99 24 10
99 25 10
99 26 11
99 27 11
99 28 11
99 29 11
99 30 11
99 31 11
99 32 11
99 33 11
99 34 11
99 35 11
99 36 11
99 37 11
99 38 11
99 39 11
99 40 11
99 41 11
99 42 11
99 43 11
99 44 11
99 45 11
99 46 11
99 47 11
99 48 12
99 49 12
99 50 12
99 51 12
99 52 12
99 53 12
99 54 12
99 55 12
99 56 12
99 57 12
99 58 12
99 59 12
99 60 12
99 61 12
99 62 12
99 63 12
99 64 12
99 65 12
99 66 12
99 67 12
99 68 12
99 69 12
99 70 12
99 71 12
99 72 12
99 73 12
99 74 12
99 75 12
99 76 12
99 77 12
99 78 12
99 79 12
99 80 12
99 81 13
99 82 13
99 83 13
99 84 13
99 85 13
99 86 13
99 87 13
99 88 13
99 89 13
99 90 13
99 91 13
99 92 13
99 93 13
99 94 13
99 95 13
99 96 13
99 97 13
99 98 13
100 0 13
100 1 13
100 2 13
100 3 13
100 4 13
100 5 13
100 6 13
100 7 13
100 8 13
100 9 13
100 10 13
100 11 13
100 12 13
100 13 13
100 14 13
100 15 13
100 16 13
100 17 13
100 18 13
100 19 13
100 20 13
100 21 13
100 22 13
100 23 13
100 24 13
100 25 13
100 26 13
100 27 13
100 28 13
100 29 13
100 30 13
100 31 13
100 32 14
100 33 14
100 34 14
100 35 14
100 36 14
100 37 14
100 38 14
100 39 14
100 40 14
100 41 14
100 42 14
100 43 14
100 44 14
100 45 14
100 46 14
100 47 14
100 48 14
100 49 14
100 50 14
100 51 14
100 52 14
100 53 14
100 54 14
100 55 14
100 56 14
100 57 14
100 58 14
100 59 14
100 60 14
100 61 14
100 62 14
100 63 14
100 64 14
100 65 15
100 66 15
100 67 15
100 68 15
100 69 15
100 70 15
100 71 15
100 72 15
100 73 15
100 74 15
100 75 15
100 76 15
100 77 15
100 78 15
100 79 15
100 80 16
100 81 16
100 82 16
100 83 16
100 84 16
100 85 16
100 86 16
100 87 16
100 88 16
100 89 16
100 90 16
100 91 16
100 92 16
100 93 16
100 94 16
100 95 16
100 96 16
100 97 16
100 98 16
100 99 16
101 0 16
101 1 16
101 2 16
101 3 16
101 4 17
101 5 17
101 6 17
101 7 17
101 8 17
101 9 17
101 10 17
101 11 17
101 12 17
101 13 17
101 14 17
101 15 17
101 16 18
101 17 18
101 18 18
101 19 18
101 20 18
101 21 18
101 22 18
101 23 18
101 24 18
101 25 18
101 26 18
101 27 18
101 28 18
101 29 18
101 30 18
101 31 18
101 32 18
101 33 18
101 34 18
101 35 18
101 36 18
101 37 18
101 38 18
101 39 19
101 40 19
101 41 19
101 42 19
101 43 19
101 44 19
101 45 19
101 46 19
101 47 19
101 48 19
101 49 19
101 50 19
101 51 19
101 52 19
101 53 19
101 54 19
101 55 19
101 56 19
101 57 19
101 58 20
101 59 20
101 60 20
101 61 20
101 62 20
101 63 20
101 64 20
101 65 21
101 66 21
101 67 21
101 68 21
101 69 21
101 70 21
101 71 21
101 72 22
101 73 22
101 74 22
101 75 22
101 76 22
101 77 22
101 78 22
101 79 22
101 80 22
101 81 22
101 82 22
101 83 22
101 84 22
101 85 22
101 86 22
101 87 22
101 88 22
101 89 22
101 90 22
101 91 22
101 92 22
101 93 22
101 94 22
101 95 22
101 96 22
101 97 23
101 98 23
101 99 23
101 100 23
102 0 23
102 1 23
102 2 23
102 3 23
102 4 23
102 5 23
102 6 24
102 7 24
102 8 24
102 9 24
102 10 24
102 11 24
102 12 24
102 13 24
102 14 24
102 15 24
102 16 24
102 17 24
102 18 24
102 19 24
102 20 24
102 21 24
102 22 24
102 23 24
102 24 24
102 25 24
102 26 24
102 27 24
102 28 24
102 29 24
102 30 24
102 31 24
102 32 24
102 33 24
102 34 24
102 35 24
102 36 24
102 37 24
102 38 24
102 39 24
102 40 24
102 41 24
102 42 24
102 43 24
102 44 24
102 45 24
102 46 24
102 47 24
102 48 24
102 49 24
102 50 24
102 51 24
102 52 24
102 53 24
102 54 25
102 55 25
102 56 25
102 57 25
102 58 25
102 59 25
102 60 25
102 61 25
102 62 25
102 63 25
102 64 25
102 65 25
102 66 26
102 67 26
102 68 26
102 69 26
102 70 27
102 71 27
102 72 27
102 73 27
102 74 27
102 75 27
102 76 27
102 77 28
102 78 28
102 79 28
102 80 28
102 81 28
102 82 29
102 83 29
102 84 29
102 85 30
102 86 30
102 87 30
102 88 30
102 89 30
102 90 30
102 91 31
102 92 31
102 93 31
102 94 31
102 95 31
102 96 31
102 97 31
102 98 31
102 99 33
102 100 33
102 101 33
103 0 33
103 1 33
103 2 33
103 3 33
103 4 33
103 5 33
103 6 33
103 7 33
103 8 33
103 9 34
103 10 34
103 11 34
103 12 34
103 13 34
103 14 34
103 15 34
103 16 34
103 17 34
103 18 34
103 19 34
103 20 35
103 21 35
103 22 35
103 23 35
103 24 35
103 25 37
103 26 37
103 27 37
103 28 37
103 29 37
103 30 37
103 31 37
103 32 37
103 33 37
103 34 37
103 35 37
103 36 37
103 37 40
103 38 40
103 39 40
103 40 40
103 41 40
103 42 40
103 43 40
103 44 40
103 45 40
103 46 40
103 47 40
103 48 40
103 49 42
103 50 42
103 51 42
103 52 42
103 53 42
103 54 42
103 55 42
103 56 42
103 57 42
103 58 45
103 59 45
103 60 45
103 61 45
103 62 46
103 63 46
103 64 46
103 65 46
103 66 46
103 67 46
103 68 47
103 69 47
103 70 47
103 71 47
103 72 47
103 73 47
103 74 47
103 75 47
103 76 47
103 77 47
103 78 47
103 79 52
103 80 52
103 81 52
103 82 52
103 83 52
103 84 52
103 85 52
103 86 55
103 87 55
103 88 55
103 89 55
103 90 55
103 91 55
103 92 57
103 93 57
103 94 57
103 95 57
103 96 57
103 97 57
103 98 57
103 99 57
103 100 57
103 101 60
103 102 60
